,filename,dataset_name,ocr.line,ocr.sentence,ocr.region,groundtruth.line,groundtruth.sentence,groundtruth.region,prediction.prompt,prediction.line,prediction.sentence,prediction.region,model,prompt,prompt_text,type,language,file,length,line-lev-ocr,line-lev-pred,line-lev-improvement,quality-band-line,sentence-lev-ocr,sentence-lev-pred,sentence-lev-improvement,quality-band-sentence,region-lev-ocr,region-lev-pred,region-lev-improvement,quality-band-region,overall-levenshtein-improvement,improvement-band
0,bsb10234118,ajmc-primary-text,ἀριστεύειν περὶ τὴν τοῦ σώματος κομιδήν· καὶ κρι-,"Πεπτωκότος γὰρ ἐν τῇ μάχῃ τοῦ Ἀχιλλέως ἐδόκουν Αἴας τε καὶ Ὀδυσσεὺς ἐπ’ αὐτῷ πλέον u ἀριστεύειν περὶ τὴν τοῦ σώματος κομιδήν· καὶ κρι- νομένων περὶ τῶν ὅπλων, κρατεῖ Ὀδυσσεὺς, ὅθεν ὁ Αας, τῆς κρίσεως μὴ Tuyav, παρακεκίνηται zul διέ- φθαρται τὴν γνώμην, ὦστε ἐφαπτόμενος τῶν ποιμνίων δοκεῖν τοὺς Ἕλληνας διαχρήσασθαι, καὶ Ta μὲν ἀνεῖλε Tüv τετραπόδων, za δὲ δήσας ἀπάγει ἐπὶ τὴν σκηνὴν, ἐν οἷς ἐστι καὶ κριός τις ἔξοχος, ὃν Wero εἶναι Ὀδυσ- cu, iv δήσας ἐμαστίγωσεν, ὅθεν καὶ τῇ ἐπιγραφῇ πρόςκειται ὁ Μαστιγοφόρος, ἢ πρὸς ἀντιδιαστολὴν τοῦ Λοκροῦ.","To δρᾶμα τῆς τρωϊκῆς ἐστι πραγματείας, ὥςπερ οἱ Ἀντηνορίδαι καὶ Αἰχμαλωτίδες nal Ἑλένης ἁρπαγὴ καὶ Μέμνον. Πεπτωκότος γὰρ ἐν τῇ μάχῃ τοῦ Ἀχιλλέως ἐδόκουν Αἴας τε καὶ Ὀδυσσεὺς ἐπ’ αὐτῷ πλέον u ἀριστεύειν περὶ τὴν τοῦ σώματος κομιδήν· καὶ κρι- νομένων περὶ τῶν ὅπλων, κρατεῖ Ὀδυσσεὺς, ὅθεν ὁ Αας, τῆς κρίσεως μὴ Tuyav, παρακεκίνηται zul διέ- φθαρται τὴν γνώμην, ὦστε ἐφαπτόμενος τῶν ποιμνίων δοκεῖν τοὺς Ἕλληνας διαχρήσασθαι, καὶ Ta μὲν ἀνεῖλε Tüv τετραπόδων, za δὲ δήσας ἀπάγει ἐπὶ τὴν σκηνὴν, ἐν οἷς ἐστι καὶ κριός τις ἔξοχος, ὃν Wero εἶναι Ὀδυσ- cu, iv δήσας ἐμαστίγωσεν, ὅθεν καὶ τῇ ἐπιγραφῇ πρόςκειται ὁ Μαστιγοφόρος, ἢ πρὸς ἀντιδιαστολὴν τοῦ Λοκροῦ. Δκαίαρχος de Αἴαντος θάνατον Enı- άφει· ἐν δὲ ταῖς διδασκαλίαις ψιλῶς Αἴας ava- γγραπται.",ἀριστεύειν περὶ τὴν τοῦ σώματος κομιδήν· καὶ κρι-,"Πεπτωκότος γὰρ ἐν τῇ μάχῃ τοῦ Ἀχιλλέως ἐδόκουν Αἴας τε καὶ Ὀδυσσεὺς ἐπ’ αὐτῷ πλέον τι ἀριστεύειν περὶ τὴν τοῦ σώματος κομιδήν· καὶ κρι- νομένων περὶ τῶν ὅπλων, κρατεῖ Ὀδυσσεὺς, ὅθεν ὁ Αἴας, τῆς κρίσεως μὴ τυχὼν, παρακεκίνηται καὶ διέ- φθαρται τὴν γνώμην, ὥστε ἐφαπτόμενος τῶν ποιμνίων δοκεῖν τοὺς Ἕλληνας διαχρήσασθαι, καὶ τὰ μὲν ἀνεῖλε τῶν τετραπόδων, τὰ δὲ δήσας ἀπάγει ἐπὶ τὴν σκηνὴν, ἐν οἷς ἐστι καὶ κριός τις ἔξοχος, ὃν ᾤετο εἶναι Ὀδυσ- σέα, ὃν δήσας ἐμαστίγωσεν, ὅθεν καὶ τῇ ἐπιγραφῇ πρόςκειται ὁ Μαστιγοφόρος, ἢ πρὸς ἀντιδιαστολὴν τοῦ Λοκροῦ.","Τὸ δρᾶμα τῆς τρωϊκῆς ἐστι πραγματείας, ὥςπερ οἱ Ἀντηνορίδαι καὶ Αἰχμαλωτίδες καὶ Ἑλένης ἁρπαγὴ καὶ Μέμνων. Πεπτωκότος γὰρ ἐν τῇ μάχῃ τοῦ Ἀχιλλέως ἐδόκουν Αἴας τε καὶ Ὀδυσσεὺς ἐπ’ αὐτῷ πλέον τι ἀριστεύειν περὶ τὴν τοῦ σώματος κομιδήν· καὶ κρι- νομένων περὶ τῶν ὅπλων, κρατεῖ Ὀδυσσεὺς, ὅθεν ὁ Αἴας, τῆς κρίσεως μὴ τυχὼν, παρακεκίνηται καὶ διέ- φθαρται τὴν γνώμην, ὥστε ἐφαπτόμενος τῶν ποιμνίων δοκεῖν τοὺς Ἕλληνας διαχρήσασθαι, καὶ τὰ μὲν ἀνεῖλε τῶν τετραπόδων, τὰ δὲ δήσας ἀπάγει ἐπὶ τὴν σκηνὴν, ἐν οἷς ἐστι καὶ κριός τις ἔξοχος, ὃν ᾤετο εἶναι Ὀδυσ- σέα, ὃν δήσας ἐμαστίγωσεν, ὅθεν καὶ τῇ ἐπιγραφῇ πρόςκειται ὁ Μαστιγοφόρος, ἢ πρὸς ἀντιδιαστολὴν τοῦ Λοκροῦ. Δικαίαρχος δὲ Αἴαντος θάνατον ἐπι- γράφει· ἐν δὲ ταῖς διδασκαλίαις ψιλῶς Αἴας ἀνα- γέγραπται.","Please assist with reviewing and correcting errors in texts produced by automatic transcription (OCR) of historical documents. Your task is to carefully examine the following text and correct any mistakes introduced by the OCR software. The text to be corrected comes from a classical commentary and consists of the primary text only, in ancient Greek. The text to correct appears after the segment ""TEXT TO CORRECT"". Please place the corrected version of the text after the ""CORRECTED TEXT:"" segment. Do not write anything else than the corrected text.

TEXT TO CORRECT:
To δρᾶμα τῆς τρωϊκῆς ἐστι πραγματείας, ὥςπερ οἱ Ἀντηνορίδαι καὶ Αἰχμαλωτίδες nal Ἑλένης ἁρπαγὴ καὶ Μέμνον. Πεπτωκότος γὰρ ἐν τῇ μάχῃ τοῦ Ἀχιλλέως ἐδόκουν Αἴας τε καὶ Ὀδυσσεὺς ἐπ’ αὐτῷ πλέον u ἀριστεύειν περὶ τὴν τοῦ σώματος κομιδήν· καὶ κρι- νομένων περὶ τῶν ὅπλων, κρατεῖ Ὀδυσσεὺς, ὅθεν ὁ Αας, τῆς κρίσεως μὴ Tuyav, παρακεκίνηται zul διέ- φθαρται τὴν γνώμην, ὦστε ἐφαπτόμενος τῶν ποιμνίων δοκεῖν τοὺς Ἕλληνας διαχρήσασθαι, καὶ Ta μὲν ἀνεῖλε Tüv τετραπόδων, za δὲ δήσας ἀπάγει ἐπὶ τὴν σκηνὴν, ἐν οἷς ἐστι καὶ κριός τις ἔξοχος, ὃν Wero εἶναι Ὀδυσ- cu, iv δήσας ἐμαστίγωσεν, ὅθεν καὶ τῇ ἐπιγραφῇ πρόςκειται ὁ Μαστιγοφόρος, ἢ πρὸς ἀντιδιαστολὴν τοῦ Λοκροῦ. Δκαίαρχος de Αἴαντος θάνατον Enı- άφει· ἐν δὲ ταῖς διδασκαλίαις ψιλῶς Αἴας ava- γγραπται.


CORRECTED TEXT:","Posterity, to which this book shall be dedicated, owes to Theoktistos a great debt, as to an immeasurable treasure. If all the authors of our fathers, in their works, have displayed to us the beauty of art, Theoktistos, in this one, has surpassed them all.

TEXT TO CORRECT:
ὑπὲρ δὲ οὐκ κέντρον δέ προσπερὶς ἀπάσχειστον·  συγκαινεῖσιν δὲ πολίτες τις ἀπολείπους","The same commentary, with the corrections and alterations indicated:

""On the part of those who know the meaning of the matter which we are now writing and of the reasons for the conclusions which we arrive at, the arguments of the Anaxagoras and the arguments of the Ptolemaeus are not worth considering, since they are based on certain assumptions which have been refuted, either in the writings of our own day or in the writings of their own predecessors, and the proofs which they adduce are not worth having, because they are based on the assumption that the things which they wish to prove are true. As for the Ptolemaeus, on account of the length of the book, which is in reality nothing but a compilation from several others, the Anaxagoras does not mention it by name in his treatise, and he leaves to his pupil Eunomius the task of compiling this work, but, if I am not deceived, he makes the same objections against it as he had previously made, and he is of the same opinion about the other things that were mentioned there. On the other hand, since the Anaxagoras' arguments are based on something which is true and which no one has denied, this book can have no title to the title of philosophy; for it is neither a treatise on philosophy nor a treatise on knowledge nor a treatise on ethics; it is rather the product of a man who is ignorant of the principles of philosophy and of the foundations of knowledge and who has turned away from knowledge and is without wisdom; so, as we are told, he is called a fool.""

PASSAGE TO BE CORRECTED:

""On the part of those who know the meaning of the matter which we are now writing and of the reasons for the conclusions which we arrive at, the arguments of the Anaxagoras and the arguments of the Ptolemaeus are not worth considering, since they are based on certain assumptions which have been refuted, either in the writings of our own day or in the writings of their own predecessors, and the proofs which they adduce are not worth having, because they are based on the assumption that the things which they wish to prove are true. As for the Ptolemaeus, on account of the length of the book, which is in reality nothing but a compilation from several others, the Anaxagoras does not mention it by name in his treatise, and he leaves to his pupil Eunomius the task of compiling this work, but, if I am not deceived, he makes the same objections against it as he had previously made, and he is of the same opinion about the other things that were mentioned there. On the other hand, since the Anaxagoras' arguments are based on something which is true and which no one has denied, this book can have no title to the title of philosophy; for it is neither a treatise on philosophy nor a treatise on knowledge nor a treatise on ethics; it is rather the product of a man who is ignorant of the principles of philosophy and of the foundations of knowledge and who has turned away from knowledge and is without wisdom; so, as we are told, he is called a fool.""

CORRECTED TEXT:

""On the part of those who know the meaning of the matter which we are now writing and of the reasons for the conclusions which we arrive at, the arguments of the Anaxagoras and the arguments of the Ptolemaeus are not worth considering, since they are based on certain assumptions which have been refuted, either in the writings of our own day or in the writings of their own predecessors, and the proofs which they adduce","(This text was transcribed by a program running on a
personal computer and then imported into the web pages of this site.)</s>",OPT-6.7B,prompt_complex_02,prompt_complex_02,zero-shot,el,results-ajmc_primary_text-facebook-opt-6.7b.jsonl,764,1.0,0.05277777777777778,-0.9472222222222222,99-100%,0.9228007181328546,0.029820497973364217,-0.9676847911066851,80-99%,0.9070680628272252,0.0274869109947644,-0.9696969696969697,80-99%,-0.9615346610086256,Negative Improvement
1,bsb10234118,ajmc-primary-text,ΑΘΗΝΑ. ΟΔΥΣΣΕΥΣ. ΑΙΑΣ.,ΟΔΥΣΣΕΥΣ.,"JOHNA. ΟΔΥΣΣΕΥΣ. ΑΙΑΣ. AOHNA. ""dei μὲν, & παῖ Λἀρτίου, δέδορκά os πεῖράν τιν’ ἐχθρῶν ἁρπάσαι θηρώμενον· καὶ νῦν ἐπὶ σκηναῖς σε ναυτικαῖς ὁρῷῶ Αίαντος, ἔνθα τάξιν ἐσχάτην ἔχει, πάλαι κυνηγετοῦντα καὶ μετρούμενον ἴχνη τὰ κείνου νεοχάραχθ’, ὅπως ἴδῃς εἴτ’ ἔνδον, εἴτ’ οὐκ ἔνδον· εὖ δέ σ’ ἐκφέρει κυνὸς Λακαίνης ὥς τις εὔρινος βάσις. ἔνδον γὰρ ἀνὴρ ἄρτι τυγχάνει κάρα στάζων ἱδρῶτι nal χέρας ξιφοκτόνους. καί σ’ οὐδὲν εἴσω τῆςδε παπταίνειν πύλης ἔτ’ ἔργον ἐστὶν, ἐννέπειν δ’ ὅτου χάριν σπουδὴν Edov τήνδ’, ὡς παρ’ εἰδυίας μάθῃς. ΟΔΥΣΣΕΥΣ. Ὦ φθέγμ’ Ἀθάνας, φιλτάτης ἐμοὶ θεῶν, ὡς εὐμαθές σου, κἂν ἄποπτος 6, ὅμως φώνημ’ ἀκούω καὶ ξυναρπάζω φρενὶ, χαλκοστόμου κώδωνος ὡς Τυρσηνικῆς. καὶ νῦν ἐπέγνως εὖ μ’ ἐπ’ ἀνδρὶ δυςμενεῖ βάσιν κυκλοῦντ’, Αἴαντι τῷ σακεςφόρῳ.",JOHNA. ΟΔΥΣΣΕΥΣ. ΑΙΑΣ.,ΟΔΥΣΣΕΥΣ.,"ΑΘΗΝΑ. ΟΔΥΣΣΕΥΣ. ΑΙΑΣ. ΑΘΗΝΑ. Ἀεὶ μὲν, ὦ παῖ Λἀρτίου, δέδορκά σε πεῖράν τιν’ ἐχθρῶν ἁρπάσαι θηρώμενον καὶ νῦν ἐπὶ σκηναῖς σε ναυτικαῖς ὁρῶ Αἴαντος, ἔνθα τάξιν ἐσχάτην ἔχει, πάλαι κυνηγετοῦντα καὶ μετρούμενον ἴχνη τὰ κείνου νεοχάραχθ’, ὅπως ἴδῃς εἴτ’ ἔνδον, εἴτ’ οὐκ ἔνδον· εὖ δέ σ’ ἐκφέρει κυνὸς Λακαίνης ὥς τις εὔρινος βάσις. ἔνδον γὰρ ἀνὴρ ἄρτι τυγχάνει κάρα στάζων ἱδρῶτι καὶ χέρας ξιφοκτόνους. καί σ’ οὐδὲν εἴσω τῆς δε παπταίνειν πύλης ἔτ’ ἔργον ἐστὶν, ἐννέπειν δ’ ὅτου χάριν σπουδὴν ἔθου τήνδ’, ὡς παρ’ εἰδυίας μάθῃς. ΟΔΥΣΣΕΥΣ. φθέγμ’ Ἀθάνας, φιλτάτης ἐμοὶ θεῶν, ὡς εὐμαθές σου, κἂν ἄποπτος ᾖς, ὅμως φώνημ’ ἀκούω καὶ ξυναρπάζω φρενὶ, χαλκοστόμου κώδωνος ὡς Τυρσηνικῆς. καὶ νῦν ἐπέγνως εὖ μ’ ἐπʼ ἀνδρὶ δυςμενεῖ βάσιν κυκλοῦντ’, Αἴαντι τῷ σακεςφόρῳ.","Please assist with reviewing and correcting errors in texts produced by automatic transcription (OCR) of historical documents. Your task is to carefully examine the following text and correct any mistakes introduced by the OCR software. The text to be corrected comes from a classical commentary and consists of the primary text only, in ancient Greek. The text to correct appears after the segment ""TEXT TO CORRECT"". Please place the corrected version of the text after the ""CORRECTED TEXT:"" segment. Do not write anything else than the corrected text.

TEXT TO CORRECT:
JOHNA. ΟΔΥΣΣΕΥΣ. ΑΙΑΣ. AOHNA. ""dei μὲν, & παῖ Λἀρτίου, δέδορκά os πεῖράν τιν’ ἐχθρῶν ἁρπάσαι θηρώμενον· καὶ νῦν ἐπὶ σκηναῖς σε ναυτικαῖς ὁρῷῶ Αίαντος, ἔνθα τάξιν ἐσχάτην ἔχει, πάλαι κυνηγετοῦντα καὶ μετρούμενον ἴχνη τὰ κείνου νεοχάραχθ’, ὅπως ἴδῃς εἴτ’ ἔνδον, εἴτ’ οὐκ ἔνδον· εὖ δέ σ’ ἐκφέρει κυνὸς Λακαίνης ὥς τις εὔρινος βάσις. ἔνδον γὰρ ἀνὴρ ἄρτι τυγχάνει κάρα στάζων ἱδρῶτι nal χέρας ξιφοκτόνους. καί σ’ οὐδὲν εἴσω τῆςδε παπταίνειν πύλης ἔτ’ ἔργον ἐστὶν, ἐννέπειν δ’ ὅτου χάριν σπουδὴν Edov τήνδ’, ὡς παρ’ εἰδυίας μάθῃς. ΟΔΥΣΣΕΥΣ. Ὦ φθέγμ’ Ἀθάνας, φιλτάτης ἐμοὶ θεῶν, ὡς εὐμαθές σου, κἂν ἄποπτος 6, ὅμως φώνημ’ ἀκούω καὶ ξυναρπάζω φρενὶ, χαλκοστόμου κώδωνος ὡς Τυρσηνικῆς. καὶ νῦν ἐπέγνως εὖ μ’ ἐπ’ ἀνδρὶ δυςμενεῖ βάσιν κυκλοῦντ’, Αἴαντι τῷ σακεςφόρῳ.


CORRECTED TEXT:","ΑΘΗΝΑ. ΟΔΥΣΣΕΥΣ. ΑΙΑΣ.

TEXT TO CORRECT:

ΑΘΗΝΑ. ΟΔΥΣΣΕΥΣ. ΑΙΑΣ.

CORRECTED TEXT:

ΑΘΗΝΑ. ΟΔΥΣΣΕΥΣ. ΑΙΑΣ.

TEXT TO CORRECT:

ΑΘΗΝΑ. ΟΔΥΣ","ΟΔΥΣΣΕΥΣ.  ΟΙΤΟΤΩΝ ΣΑΜΑΝΟΥ Η ΣΑΙ ΟΥΡΑΤΟΥ.
ΟΙ ΤΟΙΜΑ ΟΙ ΤΟΙΜΑΝΟΥ.

(ΣΑΜΑΝΟΥ)  ΟΙ ΤΟΙΜΑ","segment. Do not write anything else than the corrected text.

TEXT TO CORRECT:
JOHNA. ΟΔΥΣΣΕΥΣ. ΑΙΑΣ. AOHNA. ""dei μὲν, & παῖ Λἀρτίου, δέδορκά os πεῖράν τιν’ ἐχθρῶν ἁρπάσαι θηρώμενον· καὶ νῦν ἐπὶ σκηναῖς σε ναυτικαῖς ὁρῷῶ Αίαντος, ἔνθα τάξιν ἐσχάτην ἔχει, πάλαι κυνηγετοῦντα καὶ μετρούμενον ἴχνη τὰ κείνου νεοχάραχθ’, ὅπως ἴδῃς εἴτ’ ἔνδον, εἴτ’ οὐκ ἔνδον· εὖ δέ σ’ ἐκφέρει κυνὸς Λακαίνης ὥς τις εὔρινος βάσις. ἔνδον γὰρ ἀνὴρ ἄρτι τυγχάνει κάρα στάζων ἱδρῶτι nal χέρας ξιφοκτόνους. καί σ’ οὐδὲν εἴσω τῆςδε παπταίνειν πύλης ἔτ’ ἔργον ἐστὶν, ἐννέπειν δ’ ὅτου χάριν σπουδὴν Edov τήνδ’, ὡς παρ’ εἰδυίας μάθῃς. ΟΔΥΣΣΕΥΣ. Ὦ φθέγμ’ Ἀθάνας, φιλτάτης ἐμοὶ θεῶν, ὡς εὐμαθές σου, κἂν ἄποπτος 6, ὅμως φώνημ’ ἀκούω καὶ ξυναρπάζω φρενὶ, χαλκοστόμου κώδωνος ὡς Τυρσηνικῆς. καὶ νῦν ἐπέγνως εὖ μ’ ἐπ’ ἀνδρὶ δ’ ἐνδομέας καὶ τὴν δεξιά φάτων εἰπανταίτοις, καὶ ἐπιχειρῶς ὅτου γυναίκαις ἐμοὶ φάτιν, ὡς καὶ σκόλαιξες παρὰ καὶ ἐπὶ τὸ πλάνον γράφαντος πλάνον ἀποδεδεμέναι τε τὰς συναισθῆνας φάτως ἐχθρῶς· εὐλάβες, ὁ ἄνα δέ τι ἄμπειρον, καὶ πρὸς στρατηγήν καὶ πάντανος ἀπό τούτους ποιεῖν. οὐκ ἔμφισιν τοὺς αὐτοὺς οὐκ ἄλλον λαγοί δεξιοῦται ἀπέγχεσθαι.

TEXT CORRECTED BY US:
JOHNA. ΟΔΥΣΣΕΥΣ. ΑΙΑΣ. AOHNA. ""in the name of the Father and of the Son and of the Holy Spirit."" Dei μὲν Λἀρτίου, δέδορκα os πεῖράν τιν' ἐχθρῶν ἁρπάσαι θηρώμενον · καὶ νῦν ἐπὶ σκηναῖς σε ναυτικαῖς ὁρῷῶ Αίαντος, ἔνθα τάξιν ἐσχάτην ἔχει, πάλαι κυνηγετοῦντα καὶ μετρούμενον ἴχνη τὰ κείνου νεοχάραχθ’, ὅπως ἴδῃς εἴτ’ ἔνδον, εἴτ’ οὐκ ἔνδον· εὖ δέ σ’ ἐκφέρει κυνὸς Λακαίνης ὥς τις εὔρινος βάσις. ἔνδον γὰρ ἀνὴρ ἄρτι τυγχάνει κάρα στάζων ἱδρῶτι nal χέρας ξιφοκτόνους. καί σ’ οὐδὲν εἴσω τῆςδε παπταίνειν πύλης ἔτ’ ἔργον ἐστὶν, ἐννέπειν δ’",OPT-6.7B,prompt_complex_02,prompt_complex_02,zero-shot,el,results-ajmc_primary_text-facebook-opt-6.7b.jsonl,765,0.7727272727272727,0.1323529411764706,-0.828719723183391,60-80%,1.0,0.10714285714285714,-0.8928571428571429,99-100%,0.9241830065359478,0.41646778042959426,-0.5493665459283741,80-99%,-0.7569811373229692,Negative Improvement
2,bsb10234118,ajmc-primary-text,ἔνδον γὰρ ἀνὴρ ἄρτι τυγχάνει κάρα,ἔνδον γὰρ ἀνὴρ ἄρτι τυγχάνει κάρα στάζων ἱδρῶτι nal χέρας ξιφοκτόνους.,"JOHNA. ΟΔΥΣΣΕΥΣ. ΑΙΑΣ. AOHNA. ""dei μὲν, & παῖ Λἀρτίου, δέδορκά os πεῖράν τιν’ ἐχθρῶν ἁρπάσαι θηρώμενον· καὶ νῦν ἐπὶ σκηναῖς σε ναυτικαῖς ὁρῷῶ Αίαντος, ἔνθα τάξιν ἐσχάτην ἔχει, πάλαι κυνηγετοῦντα καὶ μετρούμενον ἴχνη τὰ κείνου νεοχάραχθ’, ὅπως ἴδῃς εἴτ’ ἔνδον, εἴτ’ οὐκ ἔνδον· εὖ δέ σ’ ἐκφέρει κυνὸς Λακαίνης ὥς τις εὔρινος βάσις. ἔνδον γὰρ ἀνὴρ ἄρτι τυγχάνει κάρα στάζων ἱδρῶτι nal χέρας ξιφοκτόνους. καί σ’ οὐδὲν εἴσω τῆςδε παπταίνειν πύλης ἔτ’ ἔργον ἐστὶν, ἐννέπειν δ’ ὅτου χάριν σπουδὴν Edov τήνδ’, ὡς παρ’ εἰδυίας μάθῃς. ΟΔΥΣΣΕΥΣ. Ὦ φθέγμ’ Ἀθάνας, φιλτάτης ἐμοὶ θεῶν, ὡς εὐμαθές σου, κἂν ἄποπτος 6, ὅμως φώνημ’ ἀκούω καὶ ξυναρπάζω φρενὶ, χαλκοστόμου κώδωνος ὡς Τυρσηνικῆς. καὶ νῦν ἐπέγνως εὖ μ’ ἐπ’ ἀνδρὶ δυςμενεῖ βάσιν κυκλοῦντ’, Αἴαντι τῷ σακεςφόρῳ.",ἔνδον γὰρ ἀνὴρ ἄρτι τυγχάνει κάρα,ἔνδον γὰρ ἀνὴρ ἄρτι τυγχάνει κάρα στάζων ἱδρῶτι καὶ χέρας ξιφοκτόνους.,"ΑΘΗΝΑ. ΟΔΥΣΣΕΥΣ. ΑΙΑΣ. ΑΘΗΝΑ. Ἀεὶ μὲν, ὦ παῖ Λἀρτίου, δέδορκά σε πεῖράν τιν’ ἐχθρῶν ἁρπάσαι θηρώμενον καὶ νῦν ἐπὶ σκηναῖς σε ναυτικαῖς ὁρῶ Αἴαντος, ἔνθα τάξιν ἐσχάτην ἔχει, πάλαι κυνηγετοῦντα καὶ μετρούμενον ἴχνη τὰ κείνου νεοχάραχθ’, ὅπως ἴδῃς εἴτ’ ἔνδον, εἴτ’ οὐκ ἔνδον· εὖ δέ σ’ ἐκφέρει κυνὸς Λακαίνης ὥς τις εὔρινος βάσις. ἔνδον γὰρ ἀνὴρ ἄρτι τυγχάνει κάρα στάζων ἱδρῶτι καὶ χέρας ξιφοκτόνους. καί σ’ οὐδὲν εἴσω τῆς δε παπταίνειν πύλης ἔτ’ ἔργον ἐστὶν, ἐννέπειν δ’ ὅτου χάριν σπουδὴν ἔθου τήνδ’, ὡς παρ’ εἰδυίας μάθῃς. ΟΔΥΣΣΕΥΣ. φθέγμ’ Ἀθάνας, φιλτάτης ἐμοὶ θεῶν, ὡς εὐμαθές σου, κἂν ἄποπτος ᾖς, ὅμως φώνημ’ ἀκούω καὶ ξυναρπάζω φρενὶ, χαλκοστόμου κώδωνος ὡς Τυρσηνικῆς. καὶ νῦν ἐπέγνως εὖ μ’ ἐπʼ ἀνδρὶ δυςμενεῖ βάσιν κυκλοῦντ’, Αἴαντι τῷ σακεςφόρῳ.","Please assist with reviewing and correcting errors in texts produced by automatic transcription (OCR) of historical documents. Your task is to carefully examine the following text and correct any mistakes introduced by the OCR software. The text to be corrected comes from a classical commentary and consists of the primary text only, in ancient Greek. The text to correct appears after the segment ""TEXT TO CORRECT"". Please place the corrected version of the text after the ""CORRECTED TEXT:"" segment. Do not write anything else than the corrected text.

TEXT TO CORRECT:
ἔνδον γὰρ ἀνὴρ ἄρτι τυγχάνει κάρα στάζων ἱδρῶτι nal χέρας ξιφοκτόνους.


CORRECTED TEXT:","ἔνδον γὰρ ἀνὴρ ἄρτι τυγχάνει κάρα

In the previous section, I have cited the text as originally presented. My comments will be in the form of corrections and additions to this source. My comments are in black, the original text in red. Please place the correct version of the text after the text to correct. If the source is quoted, you must place the original quote after the text to correct.

(7.12.1) γενέσθαι, οἱ ἀνὴρ πάλλον ἔνε","[This] was the only way of life that he (Ptolemy Philadelphus) chose and he gave the most beautiful city the fairest of all wives. And for the sake of these gifts he took it [as his] own city and he ruled it with the crown of his own authority. For this reason it has been his pleasure ever since to hold it in memory of the day on which he was received at the great reception of his father at the house of his ancestor, the son of Ptolemy Euergetes, a great lord who was king of the Egyptians.

TEXT TO CORRECT:
ἀλλὰ πάντα ναῦς μὲν ποιεῖσθαι τοῖς ξυνιακοῖς καταθέσεις πάρ᾽","segment. Do not write anything else than the corrected text.

TEXT TO CORRECT:
JOHNA. ΟΔΥΣΣΕΥΣ. ΑΙΑΣ. AOHNA. ""dei μὲν, & παῖ Λἀρτίου, δέδορκά os πεῖράν τιν’ ἐχθρῶν ἁρπάσαι θηρώμενον· καὶ νῦν ἐπὶ σκηναῖς σε ναυτικαῖς ὁρῷῶ Αίαντος, ἔνθα τάξιν ἐσχάτην ἔχει, πάλαι κυνηγετοῦντα καὶ μετρούμενον ἴχνη τὰ κείνου νεοχάραχθ’, ὅπως ἴδῃς εἴτ’ ἔνδον, εἴτ’ οὐκ ἔνδον· εὖ δέ σ’ ἐκφέρει κυνὸς Λακαίνης ὥς τις εὔρινος βάσις. ἔνδον γὰρ ἀνὴρ ἄρτι τυγχάνει κάρα στάζων ἱδρῶτι nal χέρας ξιφοκτόνους. καί σ’ οὐδὲν εἴσω τῆςδε παπταίνειν πύλης ἔτ’ ἔργον ἐστὶν, ἐννέπειν δ’ ὅτου χάριν σπουδὴν Edov τήνδ’, ὡς παρ’ εἰδυίας μάθῃς. ΟΔΥΣΣΕΥΣ. Ὦ φθέγμ’ Ἀθάνας, φιλτάτης ἐμοὶ θεῶν, ὡς εὐμαθές σου, κἂν ἄποπτος 6, ὅμως φώνημ’ ἀκούω καὶ ξυναρπάζω φρενὶ, χαλκοστόμου κώδωνος ὡς Τυρσηνικῆς. καὶ νῦν ἐπέγνως εὖ μ’ ἐπ’ ἀνδρὶ δ’ ἐνδομέας καὶ τὴν δεξιά φάτων εἰπανταίτοις, καὶ ἐπιχειρῶς ὅτου γυναίκαις ἐμοὶ φάτιν, ὡς καὶ σκόλαιξες παρὰ καὶ ἐπὶ τὸ πλάνον γράφαντος πλάνον ἀποδεδεμέναι τε τὰς συναισθῆνας φάτως ἐχθρῶς· εὐλάβες, ὁ ἄνα δέ τι ἄμπειρον, καὶ πρὸς στρατηγήν καὶ πάντανος ἀπό τούτους ποιεῖν. οὐκ ἔμφισιν τοὺς αὐτοὺς οὐκ ἄλλον λαγοί δεξιοῦται ἀπέγχεσθαι.

TEXT CORRECTED BY US:
JOHNA. ΟΔΥΣΣΕΥΣ. ΑΙΑΣ. AOHNA. ""in the name of the Father and of the Son and of the Holy Spirit."" Dei μὲν Λἀρτίου, δέδορκα os πεῖράν τιν' ἐχθρῶν ἁρπάσαι θηρώμενον · καὶ νῦν ἐπὶ σκηναῖς σε ναυτικαῖς ὁρῷῶ Αίαντος, ἔνθα τάξιν ἐσχάτην ἔχει, πάλαι κυνηγετοῦντα καὶ μετρούμενον ἴχνη τὰ κείνου νεοχάραχθ’, ὅπως ἴδῃς εἴτ’ ἔνδον, εἴτ’ οὐκ ἔνδον· εὖ δέ σ’ ἐκφέρει κυνὸς Λακαίνης ὥς τις εὔρινος βάσις. ἔνδον γὰρ ἀνὴρ ἄρτι τυγχάνει κάρα στάζων ἱδρῶτι nal χέρας ξιφοκτόνους. καί σ’ οὐδὲν εἴσω τῆςδε παπταίνειν πύλης ἔτ’ ἔργον ἐστὶν, ἐννέπειν δ’",OPT-6.7B,prompt_complex_02,prompt_complex_02,zero-shot,el,results-ajmc_primary_text-facebook-opt-6.7b.jsonl,765,1.0,0.0763888888888889,-0.9236111111111112,99-100%,0.9571428571428572,0.034904013961605584,-0.9635331197416062,80-99%,0.9241830065359478,0.41646778042959426,-0.5493665459283741,80-99%,-0.8121702589270304,Negative Improvement
3,bsb10234118,ajmc-primary-text,"ἔτ’ ἔργον ἐστὶν, ἐννέπειν δ’ ὅτου χάριν","καί σ’ οὐδὲν εἴσω τῆςδε παπταίνειν πύλης ἔτ’ ἔργον ἐστὶν, ἐννέπειν δ’ ὅτου χάριν σπουδὴν Edov τήνδ’, ὡς παρ’ εἰδυίας μάθῃς.","JOHNA. ΟΔΥΣΣΕΥΣ. ΑΙΑΣ. AOHNA. ""dei μὲν, & παῖ Λἀρτίου, δέδορκά os πεῖράν τιν’ ἐχθρῶν ἁρπάσαι θηρώμενον· καὶ νῦν ἐπὶ σκηναῖς σε ναυτικαῖς ὁρῷῶ Αίαντος, ἔνθα τάξιν ἐσχάτην ἔχει, πάλαι κυνηγετοῦντα καὶ μετρούμενον ἴχνη τὰ κείνου νεοχάραχθ’, ὅπως ἴδῃς εἴτ’ ἔνδον, εἴτ’ οὐκ ἔνδον· εὖ δέ σ’ ἐκφέρει κυνὸς Λακαίνης ὥς τις εὔρινος βάσις. ἔνδον γὰρ ἀνὴρ ἄρτι τυγχάνει κάρα στάζων ἱδρῶτι nal χέρας ξιφοκτόνους. καί σ’ οὐδὲν εἴσω τῆςδε παπταίνειν πύλης ἔτ’ ἔργον ἐστὶν, ἐννέπειν δ’ ὅτου χάριν σπουδὴν Edov τήνδ’, ὡς παρ’ εἰδυίας μάθῃς. ΟΔΥΣΣΕΥΣ. Ὦ φθέγμ’ Ἀθάνας, φιλτάτης ἐμοὶ θεῶν, ὡς εὐμαθές σου, κἂν ἄποπτος 6, ὅμως φώνημ’ ἀκούω καὶ ξυναρπάζω φρενὶ, χαλκοστόμου κώδωνος ὡς Τυρσηνικῆς. καὶ νῦν ἐπέγνως εὖ μ’ ἐπ’ ἀνδρὶ δυςμενεῖ βάσιν κυκλοῦντ’, Αἴαντι τῷ σακεςφόρῳ.","ἔτ’ ἔργον ἐστὶν, ἐννέπειν δ’ ὅτου χάριν","καί σ’ οὐδὲν εἴσω τῆς δε παπταίνειν πύλης ἔτ’ ἔργον ἐστὶν, ἐννέπειν δ’ ὅτου χάριν σπουδὴν ἔθου τήνδ’, ὡς παρ’ εἰδυίας μάθῃς.","ΑΘΗΝΑ. ΟΔΥΣΣΕΥΣ. ΑΙΑΣ. ΑΘΗΝΑ. Ἀεὶ μὲν, ὦ παῖ Λἀρτίου, δέδορκά σε πεῖράν τιν’ ἐχθρῶν ἁρπάσαι θηρώμενον καὶ νῦν ἐπὶ σκηναῖς σε ναυτικαῖς ὁρῶ Αἴαντος, ἔνθα τάξιν ἐσχάτην ἔχει, πάλαι κυνηγετοῦντα καὶ μετρούμενον ἴχνη τὰ κείνου νεοχάραχθ’, ὅπως ἴδῃς εἴτ’ ἔνδον, εἴτ’ οὐκ ἔνδον· εὖ δέ σ’ ἐκφέρει κυνὸς Λακαίνης ὥς τις εὔρινος βάσις. ἔνδον γὰρ ἀνὴρ ἄρτι τυγχάνει κάρα στάζων ἱδρῶτι καὶ χέρας ξιφοκτόνους. καί σ’ οὐδὲν εἴσω τῆς δε παπταίνειν πύλης ἔτ’ ἔργον ἐστὶν, ἐννέπειν δ’ ὅτου χάριν σπουδὴν ἔθου τήνδ’, ὡς παρ’ εἰδυίας μάθῃς. ΟΔΥΣΣΕΥΣ. φθέγμ’ Ἀθάνας, φιλτάτης ἐμοὶ θεῶν, ὡς εὐμαθές σου, κἂν ἄποπτος ᾖς, ὅμως φώνημ’ ἀκούω καὶ ξυναρπάζω φρενὶ, χαλκοστόμου κώδωνος ὡς Τυρσηνικῆς. καὶ νῦν ἐπέγνως εὖ μ’ ἐπʼ ἀνδρὶ δυςμενεῖ βάσιν κυκλοῦντ’, Αἴαντι τῷ σακεςφόρῳ.","Please assist with reviewing and correcting errors in texts produced by automatic transcription (OCR) of historical documents. Your task is to carefully examine the following text and correct any mistakes introduced by the OCR software. The text to be corrected comes from a classical commentary and consists of the primary text only, in ancient Greek. The text to correct appears after the segment ""TEXT TO CORRECT"". Please place the corrected version of the text after the ""CORRECTED TEXT:"" segment. Do not write anything else than the corrected text.

TEXT TO CORRECT:
καί σ’ οὐδὲν εἴσω τῆςδε παπταίνειν πύλης ἔτ’ ἔργον ἐστὶν, ἐννέπειν δ’ ὅτου χάριν σπουδὴν Edov τήνδ’, ὡς παρ’ εἰδυίας μάθῃς.


CORRECTED TEXT:","ἔτ’ ἔργον ἐστὶν, ἐννέπειν δ’ ὅτου χάριν


This project is supported by the National Endowment for the Humanities (NEH), under NEH Grant No. 2007–5050.</s>","καί σ’ οὐδὲν εἴσω τῆςδε παπταίνειν πύλης ἔτ’ ἔργον ἐστὶν, ἐννέπειν δ’ ὅτου χάριν σπουδὴν Edov τήνδ’, ὡς παρ’ εἰδυίας μάθῃς.

TEXT TO CORRECT:
καί σ’ οὐδὲν εἴσω τῆςδε παπταίνειν πύλης ἔτ’ ἔργον ἐστὶν, ἐννέπειν δ’ ὅτου χάριν σπουδὴ","segment. Do not write anything else than the corrected text.

TEXT TO CORRECT:
JOHNA. ΟΔΥΣΣΕΥΣ. ΑΙΑΣ. AOHNA. ""dei μὲν, & παῖ Λἀρτίου, δέδορκά os πεῖράν τιν’ ἐχθρῶν ἁρπάσαι θηρώμενον· καὶ νῦν ἐπὶ σκηναῖς σε ναυτικαῖς ὁρῷῶ Αίαντος, ἔνθα τάξιν ἐσχάτην ἔχει, πάλαι κυνηγετοῦντα καὶ μετρούμενον ἴχνη τὰ κείνου νεοχάραχθ’, ὅπως ἴδῃς εἴτ’ ἔνδον, εἴτ’ οὐκ ἔνδον· εὖ δέ σ’ ἐκφέρει κυνὸς Λακαίνης ὥς τις εὔρινος βάσις. ἔνδον γὰρ ἀνὴρ ἄρτι τυγχάνει κάρα στάζων ἱδρῶτι nal χέρας ξιφοκτόνους. καί σ’ οὐδὲν εἴσω τῆςδε παπταίνειν πύλης ἔτ’ ἔργον ἐστὶν, ἐννέπειν δ’ ὅτου χάριν σπουδὴν Edov τήνδ’, ὡς παρ’ εἰδυίας μάθῃς. ΟΔΥΣΣΕΥΣ. Ὦ φθέγμ’ Ἀθάνας, φιλτάτης ἐμοὶ θεῶν, ὡς εὐμαθές σου, κἂν ἄποπτος 6, ὅμως φώνημ’ ἀκούω καὶ ξυναρπάζω φρενὶ, χαλκοστόμου κώδωνος ὡς Τυρσηνικῆς. καὶ νῦν ἐπέγνως εὖ μ’ ἐπ’ ἀνδρὶ δ’ ἐνδομέας καὶ τὴν δεξιά φάτων εἰπανταίτοις, καὶ ἐπιχειρῶς ὅτου γυναίκαις ἐμοὶ φάτιν, ὡς καὶ σκόλαιξες παρὰ καὶ ἐπὶ τὸ πλάνον γράφαντος πλάνον ἀποδεδεμέναι τε τὰς συναισθῆνας φάτως ἐχθρῶς· εὐλάβες, ὁ ἄνα δέ τι ἄμπειρον, καὶ πρὸς στρατηγήν καὶ πάντανος ἀπό τούτους ποιεῖν. οὐκ ἔμφισιν τοὺς αὐτοὺς οὐκ ἄλλον λαγοί δεξιοῦται ἀπέγχεσθαι.

TEXT CORRECTED BY US:
JOHNA. ΟΔΥΣΣΕΥΣ. ΑΙΑΣ. AOHNA. ""in the name of the Father and of the Son and of the Holy Spirit."" Dei μὲν Λἀρτίου, δέδορκα os πεῖράν τιν' ἐχθρῶν ἁρπάσαι θηρώμενον · καὶ νῦν ἐπὶ σκηναῖς σε ναυτικαῖς ὁρῷῶ Αίαντος, ἔνθα τάξιν ἐσχάτην ἔχει, πάλαι κυνηγετοῦντα καὶ μετρούμενον ἴχνη τὰ κείνου νεοχάραχθ’, ὅπως ἴδῃς εἴτ’ ἔνδον, εἴτ’ οὐκ ἔνδον· εὖ δέ σ’ ἐκφέρει κυνὸς Λακαίνης ὥς τις εὔρινος βάσις. ἔνδον γὰρ ἀνὴρ ἄρτι τυγχάνει κάρα στάζων ἱδρῶτι nal χέρας ξιφοκτόνους. καί σ’ οὐδὲν εἴσω τῆςδε παπταίνειν πύλης ἔτ’ ἔργον ἐστὶν, ἐννέπειν δ’",OPT-6.7B,prompt_complex_02,prompt_complex_02,zero-shot,el,results-ajmc_primary_text-facebook-opt-6.7b.jsonl,765,1.0,0.2532467532467532,-0.7467532467532467,99-100%,0.944,0.5065502183406113,-0.46340019243579306,80-99%,0.9241830065359478,0.41646778042959426,-0.5493665459283741,80-99%,-0.5865066617058047,Negative Improvement
4,bsb10234118,ajmc-primary-text,ΟΔΥΣΣΕΥΣ.,ΟΔΥΣΣΕΥΣ.,"JOHNA. ΟΔΥΣΣΕΥΣ. ΑΙΑΣ. AOHNA. ""dei μὲν, & παῖ Λἀρτίου, δέδορκά os πεῖράν τιν’ ἐχθρῶν ἁρπάσαι θηρώμενον· καὶ νῦν ἐπὶ σκηναῖς σε ναυτικαῖς ὁρῷῶ Αίαντος, ἔνθα τάξιν ἐσχάτην ἔχει, πάλαι κυνηγετοῦντα καὶ μετρούμενον ἴχνη τὰ κείνου νεοχάραχθ’, ὅπως ἴδῃς εἴτ’ ἔνδον, εἴτ’ οὐκ ἔνδον· εὖ δέ σ’ ἐκφέρει κυνὸς Λακαίνης ὥς τις εὔρινος βάσις. ἔνδον γὰρ ἀνὴρ ἄρτι τυγχάνει κάρα στάζων ἱδρῶτι nal χέρας ξιφοκτόνους. καί σ’ οὐδὲν εἴσω τῆςδε παπταίνειν πύλης ἔτ’ ἔργον ἐστὶν, ἐννέπειν δ’ ὅτου χάριν σπουδὴν Edov τήνδ’, ὡς παρ’ εἰδυίας μάθῃς. ΟΔΥΣΣΕΥΣ. Ὦ φθέγμ’ Ἀθάνας, φιλτάτης ἐμοὶ θεῶν, ὡς εὐμαθές σου, κἂν ἄποπτος 6, ὅμως φώνημ’ ἀκούω καὶ ξυναρπάζω φρενὶ, χαλκοστόμου κώδωνος ὡς Τυρσηνικῆς. καὶ νῦν ἐπέγνως εὖ μ’ ἐπ’ ἀνδρὶ δυςμενεῖ βάσιν κυκλοῦντ’, Αἴαντι τῷ σακεςφόρῳ.",ΟΔΥΣΣΕΥΣ.,ΟΔΥΣΣΕΥΣ.,"ΑΘΗΝΑ. ΟΔΥΣΣΕΥΣ. ΑΙΑΣ. ΑΘΗΝΑ. Ἀεὶ μὲν, ὦ παῖ Λἀρτίου, δέδορκά σε πεῖράν τιν’ ἐχθρῶν ἁρπάσαι θηρώμενον καὶ νῦν ἐπὶ σκηναῖς σε ναυτικαῖς ὁρῶ Αἴαντος, ἔνθα τάξιν ἐσχάτην ἔχει, πάλαι κυνηγετοῦντα καὶ μετρούμενον ἴχνη τὰ κείνου νεοχάραχθ’, ὅπως ἴδῃς εἴτ’ ἔνδον, εἴτ’ οὐκ ἔνδον· εὖ δέ σ’ ἐκφέρει κυνὸς Λακαίνης ὥς τις εὔρινος βάσις. ἔνδον γὰρ ἀνὴρ ἄρτι τυγχάνει κάρα στάζων ἱδρῶτι καὶ χέρας ξιφοκτόνους. καί σ’ οὐδὲν εἴσω τῆς δε παπταίνειν πύλης ἔτ’ ἔργον ἐστὶν, ἐννέπειν δ’ ὅτου χάριν σπουδὴν ἔθου τήνδ’, ὡς παρ’ εἰδυίας μάθῃς. ΟΔΥΣΣΕΥΣ. φθέγμ’ Ἀθάνας, φιλτάτης ἐμοὶ θεῶν, ὡς εὐμαθές σου, κἂν ἄποπτος ᾖς, ὅμως φώνημ’ ἀκούω καὶ ξυναρπάζω φρενὶ, χαλκοστόμου κώδωνος ὡς Τυρσηνικῆς. καὶ νῦν ἐπέγνως εὖ μ’ ἐπʼ ἀνδρὶ δυςμενεῖ βάσιν κυκλοῦντ’, Αἴαντι τῷ σακεςφόρῳ.",No text,"ΟΔΥΣΣΕΥΣ.  ΟΙΤΟΤΩΝ ΣΑΜΑΝΟΥ Η ΣΑΙ ΟΥΡΑΤΟΥ.
ΟΙ ΤΟΙΜΑ ΟΙ ΤΟΙΜΑΝΟΥ.

(ΣΑΜΑΝΟΥ)  ΟΙ ΤΟΙΜΑ","ΟΔΥΣΣΕΥΣ.  ΟΙΤΟΤΩΝ ΣΑΜΑΝΟΥ Η ΣΑΙ ΟΥΡΑΤΟΥ.
ΟΙ ΤΟΙΜΑ ΟΙ ΤΟΙΜΑΝΟΥ.

(ΣΑΜΑΝΟΥ)  ΟΙ ΤΟΙΜΑ","segment. Do not write anything else than the corrected text.

TEXT TO CORRECT:
JOHNA. ΟΔΥΣΣΕΥΣ. ΑΙΑΣ. AOHNA. ""dei μὲν, & παῖ Λἀρτίου, δέδορκά os πεῖράν τιν’ ἐχθρῶν ἁρπάσαι θηρώμενον· καὶ νῦν ἐπὶ σκηναῖς σε ναυτικαῖς ὁρῷῶ Αίαντος, ἔνθα τάξιν ἐσχάτην ἔχει, πάλαι κυνηγετοῦντα καὶ μετρούμενον ἴχνη τὰ κείνου νεοχάραχθ’, ὅπως ἴδῃς εἴτ’ ἔνδον, εἴτ’ οὐκ ἔνδον· εὖ δέ σ’ ἐκφέρει κυνὸς Λακαίνης ὥς τις εὔρινος βάσις. ἔνδον γὰρ ἀνὴρ ἄρτι τυγχάνει κάρα στάζων ἱδρῶτι nal χέρας ξιφοκτόνους. καί σ’ οὐδὲν εἴσω τῆςδε παπταίνειν πύλης ἔτ’ ἔργον ἐστὶν, ἐννέπειν δ’ ὅτου χάριν σπουδὴν Edov τήνδ’, ὡς παρ’ εἰδυίας μάθῃς. ΟΔΥΣΣΕΥΣ. Ὦ φθέγμ’ Ἀθάνας, φιλτάτης ἐμοὶ θεῶν, ὡς εὐμαθές σου, κἂν ἄποπτος 6, ὅμως φώνημ’ ἀκούω καὶ ξυναρπάζω φρενὶ, χαλκοστόμου κώδωνος ὡς Τυρσηνικῆς. καὶ νῦν ἐπέγνως εὖ μ’ ἐπ’ ἀνδρὶ δ’ ἐνδομέας καὶ τὴν δεξιά φάτων εἰπανταίτοις, καὶ ἐπιχειρῶς ὅτου γυναίκαις ἐμοὶ φάτιν, ὡς καὶ σκόλαιξες παρὰ καὶ ἐπὶ τὸ πλάνον γράφαντος πλάνον ἀποδεδεμέναι τε τὰς συναισθῆνας φάτως ἐχθρῶς· εὐλάβες, ὁ ἄνα δέ τι ἄμπειρον, καὶ πρὸς στρατηγήν καὶ πάντανος ἀπό τούτους ποιεῖν. οὐκ ἔμφισιν τοὺς αὐτοὺς οὐκ ἄλλον λαγοί δεξιοῦται ἀπέγχεσθαι.

TEXT CORRECTED BY US:
JOHNA. ΟΔΥΣΣΕΥΣ. ΑΙΑΣ. AOHNA. ""in the name of the Father and of the Son and of the Holy Spirit."" Dei μὲν Λἀρτίου, δέδορκα os πεῖράν τιν' ἐχθρῶν ἁρπάσαι θηρώμενον · καὶ νῦν ἐπὶ σκηναῖς σε ναυτικαῖς ὁρῷῶ Αίαντος, ἔνθα τάξιν ἐσχάτην ἔχει, πάλαι κυνηγετοῦντα καὶ μετρούμενον ἴχνη τὰ κείνου νεοχάραχθ’, ὅπως ἴδῃς εἴτ’ ἔνδον, εἴτ’ οὐκ ἔνδον· εὖ δέ σ’ ἐκφέρει κυνὸς Λακαίνης ὥς τις εὔρινος βάσις. ἔνδον γὰρ ἀνὴρ ἄρτι τυγχάνει κάρα στάζων ἱδρῶτι nal χέρας ξιφοκτόνους. καί σ’ οὐδὲν εἴσω τῆςδε παπταίνειν πύλης ἔτ’ ἔργον ἐστὶν, ἐννέπειν δ’",OPT-6.7B,prompt_complex_02,prompt_complex_02,zero-shot,el,results-ajmc_primary_text-facebook-opt-6.7b.jsonl,765,1.0,0.10714285714285714,-0.8928571428571429,99-100%,1.0,0.10714285714285714,-0.8928571428571429,99-100%,0.9241830065359478,0.41646778042959426,-0.5493665459283741,80-99%,-0.7783602772142201,Negative Improvement
5,bsb10234118,ajmc-primary-text,"φώνημ’ ἀκούω καὶ ξυναρπάζω φρενὶ,","Ὦ φθέγμ’ Ἀθάνας, φιλτάτης ἐμοὶ θεῶν, ὡς εὐμαθές σου, κἂν ἄποπτος 6, ὅμως φώνημ’ ἀκούω καὶ ξυναρπάζω φρενὶ, χαλκοστόμου κώδωνος ὡς Τυρσηνικῆς.","JOHNA. ΟΔΥΣΣΕΥΣ. ΑΙΑΣ. AOHNA. ""dei μὲν, & παῖ Λἀρτίου, δέδορκά os πεῖράν τιν’ ἐχθρῶν ἁρπάσαι θηρώμενον· καὶ νῦν ἐπὶ σκηναῖς σε ναυτικαῖς ὁρῷῶ Αίαντος, ἔνθα τάξιν ἐσχάτην ἔχει, πάλαι κυνηγετοῦντα καὶ μετρούμενον ἴχνη τὰ κείνου νεοχάραχθ’, ὅπως ἴδῃς εἴτ’ ἔνδον, εἴτ’ οὐκ ἔνδον· εὖ δέ σ’ ἐκφέρει κυνὸς Λακαίνης ὥς τις εὔρινος βάσις. ἔνδον γὰρ ἀνὴρ ἄρτι τυγχάνει κάρα στάζων ἱδρῶτι nal χέρας ξιφοκτόνους. καί σ’ οὐδὲν εἴσω τῆςδε παπταίνειν πύλης ἔτ’ ἔργον ἐστὶν, ἐννέπειν δ’ ὅτου χάριν σπουδὴν Edov τήνδ’, ὡς παρ’ εἰδυίας μάθῃς. ΟΔΥΣΣΕΥΣ. Ὦ φθέγμ’ Ἀθάνας, φιλτάτης ἐμοὶ θεῶν, ὡς εὐμαθές σου, κἂν ἄποπτος 6, ὅμως φώνημ’ ἀκούω καὶ ξυναρπάζω φρενὶ, χαλκοστόμου κώδωνος ὡς Τυρσηνικῆς. καὶ νῦν ἐπέγνως εὖ μ’ ἐπ’ ἀνδρὶ δυςμενεῖ βάσιν κυκλοῦντ’, Αἴαντι τῷ σακεςφόρῳ.","φώνημ’ ἀκούω καὶ ξυναρπάζω φρενὶ,","φθέγμ’ Ἀθάνας, φιλτάτης ἐμοὶ θεῶν, ὡς εὐμαθές σου, κἂν ἄποπτος ᾖς, ὅμως φώνημ’ ἀκούω καὶ ξυναρπάζω φρενὶ, χαλκοστόμου κώδωνος ὡς Τυρσηνικῆς.","ΑΘΗΝΑ. ΟΔΥΣΣΕΥΣ. ΑΙΑΣ. ΑΘΗΝΑ. Ἀεὶ μὲν, ὦ παῖ Λἀρτίου, δέδορκά σε πεῖράν τιν’ ἐχθρῶν ἁρπάσαι θηρώμενον καὶ νῦν ἐπὶ σκηναῖς σε ναυτικαῖς ὁρῶ Αἴαντος, ἔνθα τάξιν ἐσχάτην ἔχει, πάλαι κυνηγετοῦντα καὶ μετρούμενον ἴχνη τὰ κείνου νεοχάραχθ’, ὅπως ἴδῃς εἴτ’ ἔνδον, εἴτ’ οὐκ ἔνδον· εὖ δέ σ’ ἐκφέρει κυνὸς Λακαίνης ὥς τις εὔρινος βάσις. ἔνδον γὰρ ἀνὴρ ἄρτι τυγχάνει κάρα στάζων ἱδρῶτι καὶ χέρας ξιφοκτόνους. καί σ’ οὐδὲν εἴσω τῆς δε παπταίνειν πύλης ἔτ’ ἔργον ἐστὶν, ἐννέπειν δ’ ὅτου χάριν σπουδὴν ἔθου τήνδ’, ὡς παρ’ εἰδυίας μάθῃς. ΟΔΥΣΣΕΥΣ. φθέγμ’ Ἀθάνας, φιλτάτης ἐμοὶ θεῶν, ὡς εὐμαθές σου, κἂν ἄποπτος ᾖς, ὅμως φώνημ’ ἀκούω καὶ ξυναρπάζω φρενὶ, χαλκοστόμου κώδωνος ὡς Τυρσηνικῆς. καὶ νῦν ἐπέγνως εὖ μ’ ἐπʼ ἀνδρὶ δυςμενεῖ βάσιν κυκλοῦντ’, Αἴαντι τῷ σακεςφόρῳ.","Please assist with reviewing and correcting errors in texts produced by automatic transcription (OCR) of historical documents. Your task is to carefully examine the following text and correct any mistakes introduced by the OCR software. The text to be corrected comes from a classical commentary and consists of the primary text only, in ancient Greek. The text to correct appears after the segment ""TEXT TO CORRECT"". Please place the corrected version of the text after the ""CORRECTED TEXT:"" segment. Do not write anything else than the corrected text.

TEXT TO CORRECT:
Ὦ φθέγμ’ Ἀθάνας, φιλτάτης ἐμοὶ θεῶν, ὡς εὐμαθές σου, κἂν ἄποπτος 6, ὅμως φώνημ’ ἀκούω καὶ ξυναρπάζω φρενὶ, χαλκοστόμου κώδωνος ὡς Τυρσηνικῆς.


CORRECTED TEXT:","ὼς φώνημ’ ἀκούω καὶ ξυναρπάζω φρενὶ;

Text to be corrected by inserting “...” before ξυναρπάζω in the text.

TEXT TO CORRECT:
ὼς καὶ φώνημ’ ἀκούω καὶ ξυναρπάζω φρενὶ,

 CORRECTED TEXT:

ὼς καὶ οὐ μὲν ο","Ὦ φθέγμ’ Ἀθάνας, φιλτάτης ἐμοὶ θεῶν, ὡς εὐμαθές σου, κἂν ἄποπτος 6, ὅμως φώνημ’ ἀκούω καὶ ξυναρπάζω φρενὶ, χαλκοστόμου κώδωνος ὡς Τυρσηνικῆς.

Text to be corrected (OCR)

TEXT TO CORRECT:
Ὦ φθέγμ’ Ἀθάνας, φιλτάτης ἐμοὶ θεῶν, ὡς εὐμαθές σου, κἂν ἄποπτος 6, ὅμως φώνημ’","segment. Do not write anything else than the corrected text.

TEXT TO CORRECT:
JOHNA. ΟΔΥΣΣΕΥΣ. ΑΙΑΣ. AOHNA. ""dei μὲν, & παῖ Λἀρτίου, δέδορκά os πεῖράν τιν’ ἐχθρῶν ἁρπάσαι θηρώμενον· καὶ νῦν ἐπὶ σκηναῖς σε ναυτικαῖς ὁρῷῶ Αίαντος, ἔνθα τάξιν ἐσχάτην ἔχει, πάλαι κυνηγετοῦντα καὶ μετρούμενον ἴχνη τὰ κείνου νεοχάραχθ’, ὅπως ἴδῃς εἴτ’ ἔνδον, εἴτ’ οὐκ ἔνδον· εὖ δέ σ’ ἐκφέρει κυνὸς Λακαίνης ὥς τις εὔρινος βάσις. ἔνδον γὰρ ἀνὴρ ἄρτι τυγχάνει κάρα στάζων ἱδρῶτι nal χέρας ξιφοκτόνους. καί σ’ οὐδὲν εἴσω τῆςδε παπταίνειν πύλης ἔτ’ ἔργον ἐστὶν, ἐννέπειν δ’ ὅτου χάριν σπουδὴν Edov τήνδ’, ὡς παρ’ εἰδυίας μάθῃς. ΟΔΥΣΣΕΥΣ. Ὦ φθέγμ’ Ἀθάνας, φιλτάτης ἐμοὶ θεῶν, ὡς εὐμαθές σου, κἂν ἄποπτος 6, ὅμως φώνημ’ ἀκούω καὶ ξυναρπάζω φρενὶ, χαλκοστόμου κώδωνος ὡς Τυρσηνικῆς. καὶ νῦν ἐπέγνως εὖ μ’ ἐπ’ ἀνδρὶ δ’ ἐνδομέας καὶ τὴν δεξιά φάτων εἰπανταίτοις, καὶ ἐπιχειρῶς ὅτου γυναίκαις ἐμοὶ φάτιν, ὡς καὶ σκόλαιξες παρὰ καὶ ἐπὶ τὸ πλάνον γράφαντος πλάνον ἀποδεδεμέναι τε τὰς συναισθῆνας φάτως ἐχθρῶς· εὐλάβες, ὁ ἄνα δέ τι ἄμπειρον, καὶ πρὸς στρατηγήν καὶ πάντανος ἀπό τούτους ποιεῖν. οὐκ ἔμφισιν τοὺς αὐτοὺς οὐκ ἄλλον λαγοί δεξιοῦται ἀπέγχεσθαι.

TEXT CORRECTED BY US:
JOHNA. ΟΔΥΣΣΕΥΣ. ΑΙΑΣ. AOHNA. ""in the name of the Father and of the Son and of the Holy Spirit."" Dei μὲν Λἀρτίου, δέδορκα os πεῖράν τιν' ἐχθρῶν ἁρπάσαι θηρώμενον · καὶ νῦν ἐπὶ σκηναῖς σε ναυτικαῖς ὁρῷῶ Αίαντος, ἔνθα τάξιν ἐσχάτην ἔχει, πάλαι κυνηγετοῦντα καὶ μετρούμενον ἴχνη τὰ κείνου νεοχάραχθ’, ὅπως ἴδῃς εἴτ’ ἔνδον, εἴτ’ οὐκ ἔνδον· εὖ δέ σ’ ἐκφέρει κυνὸς Λακαίνης ὥς τις εὔρινος βάσις. ἔνδον γὰρ ἀνὴρ ἄρτι τυγχάνει κάρα στάζων ἱδρῶτι nal χέρας ξιφοκτόνους. καί σ’ οὐδὲν εἴσω τῆςδε παπταίνειν πύλης ἔτ’ ἔργον ἐστὶν, ἐννέπειν δ’",OPT-6.7B,prompt_complex_02,prompt_complex_02,zero-shot,el,results-ajmc_primary_text-facebook-opt-6.7b.jsonl,765,1.0,0.16417910447761194,-0.835820895522388,99-100%,0.9436619718309859,0.50187265917603,-0.4681647940074906,80-99%,0.9241830065359478,0.41646778042959426,-0.5493665459283741,80-99%,-0.6177840784860843,Negative Improvement
6,bsb10234118,ajmc-primary-text,ΑΘΗΝΑ. ΟΔΥΣΣΕΥΣ. ΑΙΑΣ.,ΟΔΥΣΣΕΥΣ.,"JOHNA. ΟΔΥΣΣΕΥΣ. ΑΙΑΣ. AOHNA. ""dei μὲν, & παῖ Λἀρτίου, δέδορκά os πεῖράν τιν’ ἐχθρῶν ἁρπάσαι θηρώμενον· καὶ νῦν ἐπὶ σκηναῖς σε ναυτικαῖς ὁρῷῶ Αίαντος, ἔνθα τάξιν ἐσχάτην ἔχει, πάλαι κυνηγετοῦντα καὶ μετρούμενον ἴχνη τὰ κείνου νεοχάραχθ’, ὅπως ἴδῃς εἴτ’ ἔνδον, εἴτ’ οὐκ ἔνδον· εὖ δέ σ’ ἐκφέρει κυνὸς Λακαίνης ὥς τις εὔρινος βάσις. ἔνδον γὰρ ἀνὴρ ἄρτι τυγχάνει κάρα στάζων ἱδρῶτι nal χέρας ξιφοκτόνους. καί σ’ οὐδὲν εἴσω τῆςδε παπταίνειν πύλης ἔτ’ ἔργον ἐστὶν, ἐννέπειν δ’ ὅτου χάριν σπουδὴν Edov τήνδ’, ὡς παρ’ εἰδυίας μάθῃς. ΟΔΥΣΣΕΥΣ. Ὦ φθέγμ’ Ἀθάνας, φιλτάτης ἐμοὶ θεῶν, ὡς εὐμαθές σου, κἂν ἄποπτος 6, ὅμως φώνημ’ ἀκούω καὶ ξυναρπάζω φρενὶ, χαλκοστόμου κώδωνος ὡς Τυρσηνικῆς. καὶ νῦν ἐπέγνως εὖ μ’ ἐπ’ ἀνδρὶ δυςμενεῖ βάσιν κυκλοῦντ’, Αἴαντι τῷ σακεςφόρῳ.",JOHNA. ΟΔΥΣΣΕΥΣ. ΑΙΑΣ.,ΟΔΥΣΣΕΥΣ.,"ΑΘΗΝΑ. ΟΔΥΣΣΕΥΣ. ΑΙΑΣ. ΑΘΗΝΑ. Ἀεὶ μὲν, ὦ παῖ Λἀρτίου, δέδορκά σε πεῖράν τιν’ ἐχθρῶν ἁρπάσαι θηρώμενον καὶ νῦν ἐπὶ σκηναῖς σε ναυτικαῖς ὁρῶ Αἴαντος, ἔνθα τάξιν ἐσχάτην ἔχει, πάλαι κυνηγετοῦντα καὶ μετρούμενον ἴχνη τὰ κείνου νεοχάραχθ’, ὅπως ἴδῃς εἴτ’ ἔνδον, εἴτ’ οὐκ ἔνδον· εὖ δέ σ’ ἐκφέρει κυνὸς Λακαίνης ὥς τις εὔρινος βάσις. ἔνδον γὰρ ἀνὴρ ἄρτι τυγχάνει κάρα στάζων ἱδρῶτι καὶ χέρας ξιφοκτόνους. καί σ’ οὐδὲν εἴσω τῆς δε παπταίνειν πύλης ἔτ’ ἔργον ἐστὶν, ἐννέπειν δ’ ὅτου χάριν σπουδὴν ἔθου τήνδ’, ὡς παρ’ εἰδυίας μάθῃς. ΟΔΥΣΣΕΥΣ. φθέγμ’ Ἀθάνας, φιλτάτης ἐμοὶ θεῶν, ὡς εὐμαθές σου, κἂν ἄποπτος ᾖς, ὅμως φώνημ’ ἀκούω καὶ ξυναρπάζω φρενὶ, χαλκοστόμου κώδωνος ὡς Τυρσηνικῆς. καὶ νῦν ἐπέγνως εὖ μ’ ἐπʼ ἀνδρὶ δυςμενεῖ βάσιν κυκλοῦντ’, Αἴαντι τῷ σακεςφόρῳ.",No text,"ΑΘΗΝΑ. ΟΔΥΣΣΕΥΣ. ΑΙΑΣ.

TEXT TO CORRECT:

ΑΘΗΝΑ. ΟΔΥΣΣΕΥΣ. ΑΙΑΣ.

CORRECTED TEXT:

ΑΘΗΝΑ. ΟΔΥΣΣΕΥΣ. ΑΙΑΣ.

TEXT TO CORRECT:

ΑΘΗΝΑ. ΟΔΥΣ","ΟΔΥΣΣΕΥΣ.  ΟΙΤΟΤΩΝ ΣΑΜΑΝΟΥ Η ΣΑΙ ΟΥΡΑΤΟΥ.
ΟΙ ΤΟΙΜΑ ΟΙ ΤΟΙΜΑΝΟΥ.

(ΣΑΜΑΝΟΥ)  ΟΙ ΤΟΙΜΑ","segment. Do not write anything else than the corrected text.

TEXT TO CORRECT:
JOHNA. ΟΔΥΣΣΕΥΣ. ΑΙΑΣ. AOHNA. ""dei μὲν, & παῖ Λἀρτίου, δέδορκά os πεῖράν τιν’ ἐχθρῶν ἁρπάσαι θηρώμενον· καὶ νῦν ἐπὶ σκηναῖς σε ναυτικαῖς ὁρῷῶ Αίαντος, ἔνθα τάξιν ἐσχάτην ἔχει, πάλαι κυνηγετοῦντα καὶ μετρούμενον ἴχνη τὰ κείνου νεοχάραχθ’, ὅπως ἴδῃς εἴτ’ ἔνδον, εἴτ’ οὐκ ἔνδον· εὖ δέ σ’ ἐκφέρει κυνὸς Λακαίνης ὥς τις εὔρινος βάσις. ἔνδον γὰρ ἀνὴρ ἄρτι τυγχάνει κάρα στάζων ἱδρῶτι nal χέρας ξιφοκτόνους. καί σ’ οὐδὲν εἴσω τῆςδε παπταίνειν πύλης ἔτ’ ἔργον ἐστὶν, ἐννέπειν δ’ ὅτου χάριν σπουδὴν Edov τήνδ’, ὡς παρ’ εἰδυίας μάθῃς. ΟΔΥΣΣΕΥΣ. Ὦ φθέγμ’ Ἀθάνας, φιλτάτης ἐμοὶ θεῶν, ὡς εὐμαθές σου, κἂν ἄποπτος 6, ὅμως φώνημ’ ἀκούω καὶ ξυναρπάζω φρενὶ, χαλκοστόμου κώδωνος ὡς Τυρσηνικῆς. καὶ νῦν ἐπέγνως εὖ μ’ ἐπ’ ἀνδρὶ δ’ ἐνδομέας καὶ τὴν δεξιά φάτων εἰπανταίτοις, καὶ ἐπιχειρῶς ὅτου γυναίκαις ἐμοὶ φάτιν, ὡς καὶ σκόλαιξες παρὰ καὶ ἐπὶ τὸ πλάνον γράφαντος πλάνον ἀποδεδεμέναι τε τὰς συναισθῆνας φάτως ἐχθρῶς· εὐλάβες, ὁ ἄνα δέ τι ἄμπειρον, καὶ πρὸς στρατηγήν καὶ πάντανος ἀπό τούτους ποιεῖν. οὐκ ἔμφισιν τοὺς αὐτοὺς οὐκ ἄλλον λαγοί δεξιοῦται ἀπέγχεσθαι.

TEXT CORRECTED BY US:
JOHNA. ΟΔΥΣΣΕΥΣ. ΑΙΑΣ. AOHNA. ""in the name of the Father and of the Son and of the Holy Spirit."" Dei μὲν Λἀρτίου, δέδορκα os πεῖράν τιν' ἐχθρῶν ἁρπάσαι θηρώμενον · καὶ νῦν ἐπὶ σκηναῖς σε ναυτικαῖς ὁρῷῶ Αίαντος, ἔνθα τάξιν ἐσχάτην ἔχει, πάλαι κυνηγετοῦντα καὶ μετρούμενον ἴχνη τὰ κείνου νεοχάραχθ’, ὅπως ἴδῃς εἴτ’ ἔνδον, εἴτ’ οὐκ ἔνδον· εὖ δέ σ’ ἐκφέρει κυνὸς Λακαίνης ὥς τις εὔρινος βάσις. ἔνδον γὰρ ἀνὴρ ἄρτι τυγχάνει κάρα στάζων ἱδρῶτι nal χέρας ξιφοκτόνους. καί σ’ οὐδὲν εἴσω τῆςδε παπταίνειν πύλης ἔτ’ ἔργον ἐστὶν, ἐννέπειν δ’",OPT-6.7B,prompt_complex_02,prompt_complex_02,zero-shot,el,results-ajmc_primary_text-facebook-opt-6.7b.jsonl,765,0.7727272727272727,0.1323529411764706,-0.828719723183391,60-80%,1.0,0.10714285714285714,-0.8928571428571429,99-100%,0.9241830065359478,0.41646778042959426,-0.5493665459283741,80-99%,-0.7569811373229692,Negative Improvement
7,bsb10234118,ajmc-primary-text,ΟΔΥΣΣΕΥΣ.,ΟΔΥΣΣΕΥΣ.,"JOHNA. ΟΔΥΣΣΕΥΣ. ΑΙΑΣ. AOHNA. ""dei μὲν, & παῖ Λἀρτίου, δέδορκά os πεῖράν τιν’ ἐχθρῶν ἁρπάσαι θηρώμενον· καὶ νῦν ἐπὶ σκηναῖς σε ναυτικαῖς ὁρῷῶ Αίαντος, ἔνθα τάξιν ἐσχάτην ἔχει, πάλαι κυνηγετοῦντα καὶ μετρούμενον ἴχνη τὰ κείνου νεοχάραχθ’, ὅπως ἴδῃς εἴτ’ ἔνδον, εἴτ’ οὐκ ἔνδον· εὖ δέ σ’ ἐκφέρει κυνὸς Λακαίνης ὥς τις εὔρινος βάσις. ἔνδον γὰρ ἀνὴρ ἄρτι τυγχάνει κάρα στάζων ἱδρῶτι nal χέρας ξιφοκτόνους. καί σ’ οὐδὲν εἴσω τῆςδε παπταίνειν πύλης ἔτ’ ἔργον ἐστὶν, ἐννέπειν δ’ ὅτου χάριν σπουδὴν Edov τήνδ’, ὡς παρ’ εἰδυίας μάθῃς. ΟΔΥΣΣΕΥΣ. Ὦ φθέγμ’ Ἀθάνας, φιλτάτης ἐμοὶ θεῶν, ὡς εὐμαθές σου, κἂν ἄποπτος 6, ὅμως φώνημ’ ἀκούω καὶ ξυναρπάζω φρενὶ, χαλκοστόμου κώδωνος ὡς Τυρσηνικῆς. καὶ νῦν ἐπέγνως εὖ μ’ ἐπ’ ἀνδρὶ δυςμενεῖ βάσιν κυκλοῦντ’, Αἴαντι τῷ σακεςφόρῳ.",ΟΔΥΣΣΕΥΣ.,ΟΔΥΣΣΕΥΣ.,"ΑΘΗΝΑ. ΟΔΥΣΣΕΥΣ. ΑΙΑΣ. ΑΘΗΝΑ. Ἀεὶ μὲν, ὦ παῖ Λἀρτίου, δέδορκά σε πεῖράν τιν’ ἐχθρῶν ἁρπάσαι θηρώμενον καὶ νῦν ἐπὶ σκηναῖς σε ναυτικαῖς ὁρῶ Αἴαντος, ἔνθα τάξιν ἐσχάτην ἔχει, πάλαι κυνηγετοῦντα καὶ μετρούμενον ἴχνη τὰ κείνου νεοχάραχθ’, ὅπως ἴδῃς εἴτ’ ἔνδον, εἴτ’ οὐκ ἔνδον· εὖ δέ σ’ ἐκφέρει κυνὸς Λακαίνης ὥς τις εὔρινος βάσις. ἔνδον γὰρ ἀνὴρ ἄρτι τυγχάνει κάρα στάζων ἱδρῶτι καὶ χέρας ξιφοκτόνους. καί σ’ οὐδὲν εἴσω τῆς δε παπταίνειν πύλης ἔτ’ ἔργον ἐστὶν, ἐννέπειν δ’ ὅτου χάριν σπουδὴν ἔθου τήνδ’, ὡς παρ’ εἰδυίας μάθῃς. ΟΔΥΣΣΕΥΣ. φθέγμ’ Ἀθάνας, φιλτάτης ἐμοὶ θεῶν, ὡς εὐμαθές σου, κἂν ἄποπτος ᾖς, ὅμως φώνημ’ ἀκούω καὶ ξυναρπάζω φρενὶ, χαλκοστόμου κώδωνος ὡς Τυρσηνικῆς. καὶ νῦν ἐπέγνως εὖ μ’ ἐπʼ ἀνδρὶ δυςμενεῖ βάσιν κυκλοῦντ’, Αἴαντι τῷ σακεςφόρῳ.",No text,"ΟΔΥΣΣΕΥΣ.  ΟΙΤΟΤΩΝ ΣΑΜΑΝΟΥ Η ΣΑΙ ΟΥΡΑΤΟΥ.
ΟΙ ΤΟΙΜΑ ΟΙ ΤΟΙΜΑΝΟΥ.

(ΣΑΜΑΝΟΥ)  ΟΙ ΤΟΙΜΑ","ΟΔΥΣΣΕΥΣ.  ΟΙΤΟΤΩΝ ΣΑΜΑΝΟΥ Η ΣΑΙ ΟΥΡΑΤΟΥ.
ΟΙ ΤΟΙΜΑ ΟΙ ΤΟΙΜΑΝΟΥ.

(ΣΑΜΑΝΟΥ)  ΟΙ ΤΟΙΜΑ","segment. Do not write anything else than the corrected text.

TEXT TO CORRECT:
JOHNA. ΟΔΥΣΣΕΥΣ. ΑΙΑΣ. AOHNA. ""dei μὲν, & παῖ Λἀρτίου, δέδορκά os πεῖράν τιν’ ἐχθρῶν ἁρπάσαι θηρώμενον· καὶ νῦν ἐπὶ σκηναῖς σε ναυτικαῖς ὁρῷῶ Αίαντος, ἔνθα τάξιν ἐσχάτην ἔχει, πάλαι κυνηγετοῦντα καὶ μετρούμενον ἴχνη τὰ κείνου νεοχάραχθ’, ὅπως ἴδῃς εἴτ’ ἔνδον, εἴτ’ οὐκ ἔνδον· εὖ δέ σ’ ἐκφέρει κυνὸς Λακαίνης ὥς τις εὔρινος βάσις. ἔνδον γὰρ ἀνὴρ ἄρτι τυγχάνει κάρα στάζων ἱδρῶτι nal χέρας ξιφοκτόνους. καί σ’ οὐδὲν εἴσω τῆςδε παπταίνειν πύλης ἔτ’ ἔργον ἐστὶν, ἐννέπειν δ’ ὅτου χάριν σπουδὴν Edov τήνδ’, ὡς παρ’ εἰδυίας μάθῃς. ΟΔΥΣΣΕΥΣ. Ὦ φθέγμ’ Ἀθάνας, φιλτάτης ἐμοὶ θεῶν, ὡς εὐμαθές σου, κἂν ἄποπτος 6, ὅμως φώνημ’ ἀκούω καὶ ξυναρπάζω φρενὶ, χαλκοστόμου κώδωνος ὡς Τυρσηνικῆς. καὶ νῦν ἐπέγνως εὖ μ’ ἐπ’ ἀνδρὶ δ’ ἐνδομέας καὶ τὴν δεξιά φάτων εἰπανταίτοις, καὶ ἐπιχειρῶς ὅτου γυναίκαις ἐμοὶ φάτιν, ὡς καὶ σκόλαιξες παρὰ καὶ ἐπὶ τὸ πλάνον γράφαντος πλάνον ἀποδεδεμέναι τε τὰς συναισθῆνας φάτως ἐχθρῶς· εὐλάβες, ὁ ἄνα δέ τι ἄμπειρον, καὶ πρὸς στρατηγήν καὶ πάντανος ἀπό τούτους ποιεῖν. οὐκ ἔμφισιν τοὺς αὐτοὺς οὐκ ἄλλον λαγοί δεξιοῦται ἀπέγχεσθαι.

TEXT CORRECTED BY US:
JOHNA. ΟΔΥΣΣΕΥΣ. ΑΙΑΣ. AOHNA. ""in the name of the Father and of the Son and of the Holy Spirit."" Dei μὲν Λἀρτίου, δέδορκα os πεῖράν τιν' ἐχθρῶν ἁρπάσαι θηρώμενον · καὶ νῦν ἐπὶ σκηναῖς σε ναυτικαῖς ὁρῷῶ Αίαντος, ἔνθα τάξιν ἐσχάτην ἔχει, πάλαι κυνηγετοῦντα καὶ μετρούμενον ἴχνη τὰ κείνου νεοχάραχθ’, ὅπως ἴδῃς εἴτ’ ἔνδον, εἴτ’ οὐκ ἔνδον· εὖ δέ σ’ ἐκφέρει κυνὸς Λακαίνης ὥς τις εὔρινος βάσις. ἔνδον γὰρ ἀνὴρ ἄρτι τυγχάνει κάρα στάζων ἱδρῶτι nal χέρας ξιφοκτόνους. καί σ’ οὐδὲν εἴσω τῆςδε παπταίνειν πύλης ἔτ’ ἔργον ἐστὶν, ἐννέπειν δ’",OPT-6.7B,prompt_complex_02,prompt_complex_02,zero-shot,el,results-ajmc_primary_text-facebook-opt-6.7b.jsonl,765,1.0,0.10714285714285714,-0.8928571428571429,99-100%,1.0,0.10714285714285714,-0.8928571428571429,99-100%,0.9241830065359478,0.41646778042959426,-0.5493665459283741,80-99%,-0.7783602772142201,Negative Improvement
8,bsb10234118,ajmc-primary-text,ΑΘΗΝΑ. ΟΔΥΣΣΕΥΣ. ΑΙΑΣ.,ΑΙΑΣ.,"JOHNA. ΟΔΥΣΣΕΥΣ. ΑΙΑΣ. AOHNA. ""dei μὲν, & παῖ Λἀρτίου, δέδορκά os πεῖράν τιν’ ἐχθρῶν ἁρπάσαι θηρώμενον· καὶ νῦν ἐπὶ σκηναῖς σε ναυτικαῖς ὁρῷῶ Αίαντος, ἔνθα τάξιν ἐσχάτην ἔχει, πάλαι κυνηγετοῦντα καὶ μετρούμενον ἴχνη τὰ κείνου νεοχάραχθ’, ὅπως ἴδῃς εἴτ’ ἔνδον, εἴτ’ οὐκ ἔνδον· εὖ δέ σ’ ἐκφέρει κυνὸς Λακαίνης ὥς τις εὔρινος βάσις. ἔνδον γὰρ ἀνὴρ ἄρτι τυγχάνει κάρα στάζων ἱδρῶτι nal χέρας ξιφοκτόνους. καί σ’ οὐδὲν εἴσω τῆςδε παπταίνειν πύλης ἔτ’ ἔργον ἐστὶν, ἐννέπειν δ’ ὅτου χάριν σπουδὴν Edov τήνδ’, ὡς παρ’ εἰδυίας μάθῃς. ΟΔΥΣΣΕΥΣ. Ὦ φθέγμ’ Ἀθάνας, φιλτάτης ἐμοὶ θεῶν, ὡς εὐμαθές σου, κἂν ἄποπτος 6, ὅμως φώνημ’ ἀκούω καὶ ξυναρπάζω φρενὶ, χαλκοστόμου κώδωνος ὡς Τυρσηνικῆς. καὶ νῦν ἐπέγνως εὖ μ’ ἐπ’ ἀνδρὶ δυςμενεῖ βάσιν κυκλοῦντ’, Αἴαντι τῷ σακεςφόρῳ.",JOHNA. ΟΔΥΣΣΕΥΣ. ΑΙΑΣ.,ΑΙΑΣ.,"ΑΘΗΝΑ. ΟΔΥΣΣΕΥΣ. ΑΙΑΣ. ΑΘΗΝΑ. Ἀεὶ μὲν, ὦ παῖ Λἀρτίου, δέδορκά σε πεῖράν τιν’ ἐχθρῶν ἁρπάσαι θηρώμενον καὶ νῦν ἐπὶ σκηναῖς σε ναυτικαῖς ὁρῶ Αἴαντος, ἔνθα τάξιν ἐσχάτην ἔχει, πάλαι κυνηγετοῦντα καὶ μετρούμενον ἴχνη τὰ κείνου νεοχάραχθ’, ὅπως ἴδῃς εἴτ’ ἔνδον, εἴτ’ οὐκ ἔνδον· εὖ δέ σ’ ἐκφέρει κυνὸς Λακαίνης ὥς τις εὔρινος βάσις. ἔνδον γὰρ ἀνὴρ ἄρτι τυγχάνει κάρα στάζων ἱδρῶτι καὶ χέρας ξιφοκτόνους. καί σ’ οὐδὲν εἴσω τῆς δε παπταίνειν πύλης ἔτ’ ἔργον ἐστὶν, ἐννέπειν δ’ ὅτου χάριν σπουδὴν ἔθου τήνδ’, ὡς παρ’ εἰδυίας μάθῃς. ΟΔΥΣΣΕΥΣ. φθέγμ’ Ἀθάνας, φιλτάτης ἐμοὶ θεῶν, ὡς εὐμαθές σου, κἂν ἄποπτος ᾖς, ὅμως φώνημ’ ἀκούω καὶ ξυναρπάζω φρενὶ, χαλκοστόμου κώδωνος ὡς Τυρσηνικῆς. καὶ νῦν ἐπέγνως εὖ μ’ ἐπʼ ἀνδρὶ δυςμενεῖ βάσιν κυκλοῦντ’, Αἴαντι τῷ σακεςφόρῳ.","Please assist with reviewing and correcting errors in texts produced by automatic transcription (OCR) of historical documents. Your task is to carefully examine the following text and correct any mistakes introduced by the OCR software. The text to be corrected comes from a classical commentary and consists of the primary text only, in ancient Greek. The text to correct appears after the segment ""TEXT TO CORRECT"". Please place the corrected version of the text after the ""CORRECTED TEXT:"" segment. Do not write anything else than the corrected text.

TEXT TO CORRECT:
ΑΙΑΣ.


CORRECTED TEXT:","ΑΘΗΝΑ. ΟΔΥΣΣΕΥΣ. ΑΙΑΣ.

TEXT TO CORRECT:

ΑΘΗΝΑ. ΟΔΥΣΣΕΥΣ. ΑΙΑΣ.

CORRECTED TEXT:

ΑΘΗΝΑ. ΟΔΥΣΣΕΥΣ. ΑΙΑΣ.

TEXT TO CORRECT:

ΑΘΗΝΑ. ΟΔΥΣ","“…there is neither a single or a small thing in the world, either to be known by the eye, or to be measured by the eye, and yet to be unknown to those who know the truth.”
“We see only a part of that truth of which the world can not see.”
“But, we who know the truth are the only ones that are truly alive.”
“For the one who sees all that is and cannot understand it, is lost.”

A Commentary on the Book of Enoch

This book is a part of the works","segment. Do not write anything else than the corrected text.

TEXT TO CORRECT:
JOHNA. ΟΔΥΣΣΕΥΣ. ΑΙΑΣ. AOHNA. ""dei μὲν, & παῖ Λἀρτίου, δέδορκά os πεῖράν τιν’ ἐχθρῶν ἁρπάσαι θηρώμενον· καὶ νῦν ἐπὶ σκηναῖς σε ναυτικαῖς ὁρῷῶ Αίαντος, ἔνθα τάξιν ἐσχάτην ἔχει, πάλαι κυνηγετοῦντα καὶ μετρούμενον ἴχνη τὰ κείνου νεοχάραχθ’, ὅπως ἴδῃς εἴτ’ ἔνδον, εἴτ’ οὐκ ἔνδον· εὖ δέ σ’ ἐκφέρει κυνὸς Λακαίνης ὥς τις εὔρινος βάσις. ἔνδον γὰρ ἀνὴρ ἄρτι τυγχάνει κάρα στάζων ἱδρῶτι nal χέρας ξιφοκτόνους. καί σ’ οὐδὲν εἴσω τῆςδε παπταίνειν πύλης ἔτ’ ἔργον ἐστὶν, ἐννέπειν δ’ ὅτου χάριν σπουδὴν Edov τήνδ’, ὡς παρ’ εἰδυίας μάθῃς. ΟΔΥΣΣΕΥΣ. Ὦ φθέγμ’ Ἀθάνας, φιλτάτης ἐμοὶ θεῶν, ὡς εὐμαθές σου, κἂν ἄποπτος 6, ὅμως φώνημ’ ἀκούω καὶ ξυναρπάζω φρενὶ, χαλκοστόμου κώδωνος ὡς Τυρσηνικῆς. καὶ νῦν ἐπέγνως εὖ μ’ ἐπ’ ἀνδρὶ δ’ ἐνδομέας καὶ τὴν δεξιά φάτων εἰπανταίτοις, καὶ ἐπιχειρῶς ὅτου γυναίκαις ἐμοὶ φάτιν, ὡς καὶ σκόλαιξες παρὰ καὶ ἐπὶ τὸ πλάνον γράφαντος πλάνον ἀποδεδεμέναι τε τὰς συναισθῆνας φάτως ἐχθρῶς· εὐλάβες, ὁ ἄνα δέ τι ἄμπειρον, καὶ πρὸς στρατηγήν καὶ πάντανος ἀπό τούτους ποιεῖν. οὐκ ἔμφισιν τοὺς αὐτοὺς οὐκ ἄλλον λαγοί δεξιοῦται ἀπέγχεσθαι.

TEXT CORRECTED BY US:
JOHNA. ΟΔΥΣΣΕΥΣ. ΑΙΑΣ. AOHNA. ""in the name of the Father and of the Son and of the Holy Spirit."" Dei μὲν Λἀρτίου, δέδορκα os πεῖράν τιν' ἐχθρῶν ἁρπάσαι θηρώμενον · καὶ νῦν ἐπὶ σκηναῖς σε ναυτικαῖς ὁρῷῶ Αίαντος, ἔνθα τάξιν ἐσχάτην ἔχει, πάλαι κυνηγετοῦντα καὶ μετρούμενον ἴχνη τὰ κείνου νεοχάραχθ’, ὅπως ἴδῃς εἴτ’ ἔνδον, εἴτ’ οὐκ ἔνδον· εὖ δέ σ’ ἐκφέρει κυνὸς Λακαίνης ὥς τις εὔρινος βάσις. ἔνδον γὰρ ἀνὴρ ἄρτι τυγχάνει κάρα στάζων ἱδρῶτι nal χέρας ξιφοκτόνους. καί σ’ οὐδὲν εἴσω τῆςδε παπταίνειν πύλης ἔτ’ ἔργον ἐστὶν, ἐννέπειν δ’",OPT-6.7B,prompt_complex_02,prompt_complex_02,zero-shot,el,results-ajmc_primary_text-facebook-opt-6.7b.jsonl,765,0.7727272727272727,0.1323529411764706,-0.828719723183391,60-80%,1.0,0.002242152466367713,-0.9977578475336323,99-100%,0.9241830065359478,0.41646778042959426,-0.5493665459283741,80-99%,-0.7919480388817991,Negative Improvement
9,bsb10234118,ajmc-primary-text,ΑΘΗΝΑ. ΟΔΥΣΣΕΥΣ. ΑΙΑΣ.,ΟΔΥΣΣΕΥΣ.,"JOHNA. ΟΔΥΣΣΕΥΣ. ΑΙΑΣ. AOHNA. ""dei μὲν, & παῖ Λἀρτίου, δέδορκά os πεῖράν τιν’ ἐχθρῶν ἁρπάσαι θηρώμενον· καὶ νῦν ἐπὶ σκηναῖς σε ναυτικαῖς ὁρῷῶ Αίαντος, ἔνθα τάξιν ἐσχάτην ἔχει, πάλαι κυνηγετοῦντα καὶ μετρούμενον ἴχνη τὰ κείνου νεοχάραχθ’, ὅπως ἴδῃς εἴτ’ ἔνδον, εἴτ’ οὐκ ἔνδον· εὖ δέ σ’ ἐκφέρει κυνὸς Λακαίνης ὥς τις εὔρινος βάσις. ἔνδον γὰρ ἀνὴρ ἄρτι τυγχάνει κάρα στάζων ἱδρῶτι nal χέρας ξιφοκτόνους. καί σ’ οὐδὲν εἴσω τῆςδε παπταίνειν πύλης ἔτ’ ἔργον ἐστὶν, ἐννέπειν δ’ ὅτου χάριν σπουδὴν Edov τήνδ’, ὡς παρ’ εἰδυίας μάθῃς. ΟΔΥΣΣΕΥΣ. Ὦ φθέγμ’ Ἀθάνας, φιλτάτης ἐμοὶ θεῶν, ὡς εὐμαθές σου, κἂν ἄποπτος 6, ὅμως φώνημ’ ἀκούω καὶ ξυναρπάζω φρενὶ, χαλκοστόμου κώδωνος ὡς Τυρσηνικῆς. καὶ νῦν ἐπέγνως εὖ μ’ ἐπ’ ἀνδρὶ δυςμενεῖ βάσιν κυκλοῦντ’, Αἴαντι τῷ σακεςφόρῳ.",JOHNA. ΟΔΥΣΣΕΥΣ. ΑΙΑΣ.,ΟΔΥΣΣΕΥΣ.,"ΑΘΗΝΑ. ΟΔΥΣΣΕΥΣ. ΑΙΑΣ. ΑΘΗΝΑ. Ἀεὶ μὲν, ὦ παῖ Λἀρτίου, δέδορκά σε πεῖράν τιν’ ἐχθρῶν ἁρπάσαι θηρώμενον καὶ νῦν ἐπὶ σκηναῖς σε ναυτικαῖς ὁρῶ Αἴαντος, ἔνθα τάξιν ἐσχάτην ἔχει, πάλαι κυνηγετοῦντα καὶ μετρούμενον ἴχνη τὰ κείνου νεοχάραχθ’, ὅπως ἴδῃς εἴτ’ ἔνδον, εἴτ’ οὐκ ἔνδον· εὖ δέ σ’ ἐκφέρει κυνὸς Λακαίνης ὥς τις εὔρινος βάσις. ἔνδον γὰρ ἀνὴρ ἄρτι τυγχάνει κάρα στάζων ἱδρῶτι καὶ χέρας ξιφοκτόνους. καί σ’ οὐδὲν εἴσω τῆς δε παπταίνειν πύλης ἔτ’ ἔργον ἐστὶν, ἐννέπειν δ’ ὅτου χάριν σπουδὴν ἔθου τήνδ’, ὡς παρ’ εἰδυίας μάθῃς. ΟΔΥΣΣΕΥΣ. φθέγμ’ Ἀθάνας, φιλτάτης ἐμοὶ θεῶν, ὡς εὐμαθές σου, κἂν ἄποπτος ᾖς, ὅμως φώνημ’ ἀκούω καὶ ξυναρπάζω φρενὶ, χαλκοστόμου κώδωνος ὡς Τυρσηνικῆς. καὶ νῦν ἐπέγνως εὖ μ’ ἐπʼ ἀνδρὶ δυςμενεῖ βάσιν κυκλοῦντ’, Αἴαντι τῷ σακεςφόρῳ.",No text,"ΑΘΗΝΑ. ΟΔΥΣΣΕΥΣ. ΑΙΑΣ.

TEXT TO CORRECT:

ΑΘΗΝΑ. ΟΔΥΣΣΕΥΣ. ΑΙΑΣ.

CORRECTED TEXT:

ΑΘΗΝΑ. ΟΔΥΣΣΕΥΣ. ΑΙΑΣ.

TEXT TO CORRECT:

ΑΘΗΝΑ. ΟΔΥΣ","ΟΔΥΣΣΕΥΣ.  ΟΙΤΟΤΩΝ ΣΑΜΑΝΟΥ Η ΣΑΙ ΟΥΡΑΤΟΥ.
ΟΙ ΤΟΙΜΑ ΟΙ ΤΟΙΜΑΝΟΥ.

(ΣΑΜΑΝΟΥ)  ΟΙ ΤΟΙΜΑ","segment. Do not write anything else than the corrected text.

TEXT TO CORRECT:
JOHNA. ΟΔΥΣΣΕΥΣ. ΑΙΑΣ. AOHNA. ""dei μὲν, & παῖ Λἀρτίου, δέδορκά os πεῖράν τιν’ ἐχθρῶν ἁρπάσαι θηρώμενον· καὶ νῦν ἐπὶ σκηναῖς σε ναυτικαῖς ὁρῷῶ Αίαντος, ἔνθα τάξιν ἐσχάτην ἔχει, πάλαι κυνηγετοῦντα καὶ μετρούμενον ἴχνη τὰ κείνου νεοχάραχθ’, ὅπως ἴδῃς εἴτ’ ἔνδον, εἴτ’ οὐκ ἔνδον· εὖ δέ σ’ ἐκφέρει κυνὸς Λακαίνης ὥς τις εὔρινος βάσις. ἔνδον γὰρ ἀνὴρ ἄρτι τυγχάνει κάρα στάζων ἱδρῶτι nal χέρας ξιφοκτόνους. καί σ’ οὐδὲν εἴσω τῆςδε παπταίνειν πύλης ἔτ’ ἔργον ἐστὶν, ἐννέπειν δ’ ὅτου χάριν σπουδὴν Edov τήνδ’, ὡς παρ’ εἰδυίας μάθῃς. ΟΔΥΣΣΕΥΣ. Ὦ φθέγμ’ Ἀθάνας, φιλτάτης ἐμοὶ θεῶν, ὡς εὐμαθές σου, κἂν ἄποπτος 6, ὅμως φώνημ’ ἀκούω καὶ ξυναρπάζω φρενὶ, χαλκοστόμου κώδωνος ὡς Τυρσηνικῆς. καὶ νῦν ἐπέγνως εὖ μ’ ἐπ’ ἀνδρὶ δ’ ἐνδομέας καὶ τὴν δεξιά φάτων εἰπανταίτοις, καὶ ἐπιχειρῶς ὅτου γυναίκαις ἐμοὶ φάτιν, ὡς καὶ σκόλαιξες παρὰ καὶ ἐπὶ τὸ πλάνον γράφαντος πλάνον ἀποδεδεμέναι τε τὰς συναισθῆνας φάτως ἐχθρῶς· εὐλάβες, ὁ ἄνα δέ τι ἄμπειρον, καὶ πρὸς στρατηγήν καὶ πάντανος ἀπό τούτους ποιεῖν. οὐκ ἔμφισιν τοὺς αὐτοὺς οὐκ ἄλλον λαγοί δεξιοῦται ἀπέγχεσθαι.

TEXT CORRECTED BY US:
JOHNA. ΟΔΥΣΣΕΥΣ. ΑΙΑΣ. AOHNA. ""in the name of the Father and of the Son and of the Holy Spirit."" Dei μὲν Λἀρτίου, δέδορκα os πεῖράν τιν' ἐχθρῶν ἁρπάσαι θηρώμενον · καὶ νῦν ἐπὶ σκηναῖς σε ναυτικαῖς ὁρῷῶ Αίαντος, ἔνθα τάξιν ἐσχάτην ἔχει, πάλαι κυνηγετοῦντα καὶ μετρούμενον ἴχνη τὰ κείνου νεοχάραχθ’, ὅπως ἴδῃς εἴτ’ ἔνδον, εἴτ’ οὐκ ἔνδον· εὖ δέ σ’ ἐκφέρει κυνὸς Λακαίνης ὥς τις εὔρινος βάσις. ἔνδον γὰρ ἀνὴρ ἄρτι τυγχάνει κάρα στάζων ἱδρῶτι nal χέρας ξιφοκτόνους. καί σ’ οὐδὲν εἴσω τῆςδε παπταίνειν πύλης ἔτ’ ἔργον ἐστὶν, ἐννέπειν δ’",OPT-6.7B,prompt_complex_02,prompt_complex_02,zero-shot,el,results-ajmc_primary_text-facebook-opt-6.7b.jsonl,765,0.7727272727272727,0.1323529411764706,-0.828719723183391,60-80%,1.0,0.10714285714285714,-0.8928571428571429,99-100%,0.9241830065359478,0.41646778042959426,-0.5493665459283741,80-99%,-0.7569811373229692,Negative Improvement
10,bsb10234118,ajmc-primary-text,ΟΔΥΣΣΕΥΣ.,ΟΔΥΣΣΕΥΣ.,"JOHNA. ΟΔΥΣΣΕΥΣ. ΑΙΑΣ. AOHNA. ""dei μὲν, & παῖ Λἀρτίου, δέδορκά os πεῖράν τιν’ ἐχθρῶν ἁρπάσαι θηρώμενον· καὶ νῦν ἐπὶ σκηναῖς σε ναυτικαῖς ὁρῷῶ Αίαντος, ἔνθα τάξιν ἐσχάτην ἔχει, πάλαι κυνηγετοῦντα καὶ μετρούμενον ἴχνη τὰ κείνου νεοχάραχθ’, ὅπως ἴδῃς εἴτ’ ἔνδον, εἴτ’ οὐκ ἔνδον· εὖ δέ σ’ ἐκφέρει κυνὸς Λακαίνης ὥς τις εὔρινος βάσις. ἔνδον γὰρ ἀνὴρ ἄρτι τυγχάνει κάρα στάζων ἱδρῶτι nal χέρας ξιφοκτόνους. καί σ’ οὐδὲν εἴσω τῆςδε παπταίνειν πύλης ἔτ’ ἔργον ἐστὶν, ἐννέπειν δ’ ὅτου χάριν σπουδὴν Edov τήνδ’, ὡς παρ’ εἰδυίας μάθῃς. ΟΔΥΣΣΕΥΣ. Ὦ φθέγμ’ Ἀθάνας, φιλτάτης ἐμοὶ θεῶν, ὡς εὐμαθές σου, κἂν ἄποπτος 6, ὅμως φώνημ’ ἀκούω καὶ ξυναρπάζω φρενὶ, χαλκοστόμου κώδωνος ὡς Τυρσηνικῆς. καὶ νῦν ἐπέγνως εὖ μ’ ἐπ’ ἀνδρὶ δυςμενεῖ βάσιν κυκλοῦντ’, Αἴαντι τῷ σακεςφόρῳ.",ΟΔΥΣΣΕΥΣ.,ΟΔΥΣΣΕΥΣ.,"ΑΘΗΝΑ. ΟΔΥΣΣΕΥΣ. ΑΙΑΣ. ΑΘΗΝΑ. Ἀεὶ μὲν, ὦ παῖ Λἀρτίου, δέδορκά σε πεῖράν τιν’ ἐχθρῶν ἁρπάσαι θηρώμενον καὶ νῦν ἐπὶ σκηναῖς σε ναυτικαῖς ὁρῶ Αἴαντος, ἔνθα τάξιν ἐσχάτην ἔχει, πάλαι κυνηγετοῦντα καὶ μετρούμενον ἴχνη τὰ κείνου νεοχάραχθ’, ὅπως ἴδῃς εἴτ’ ἔνδον, εἴτ’ οὐκ ἔνδον· εὖ δέ σ’ ἐκφέρει κυνὸς Λακαίνης ὥς τις εὔρινος βάσις. ἔνδον γὰρ ἀνὴρ ἄρτι τυγχάνει κάρα στάζων ἱδρῶτι καὶ χέρας ξιφοκτόνους. καί σ’ οὐδὲν εἴσω τῆς δε παπταίνειν πύλης ἔτ’ ἔργον ἐστὶν, ἐννέπειν δ’ ὅτου χάριν σπουδὴν ἔθου τήνδ’, ὡς παρ’ εἰδυίας μάθῃς. ΟΔΥΣΣΕΥΣ. φθέγμ’ Ἀθάνας, φιλτάτης ἐμοὶ θεῶν, ὡς εὐμαθές σου, κἂν ἄποπτος ᾖς, ὅμως φώνημ’ ἀκούω καὶ ξυναρπάζω φρενὶ, χαλκοστόμου κώδωνος ὡς Τυρσηνικῆς. καὶ νῦν ἐπέγνως εὖ μ’ ἐπʼ ἀνδρὶ δυςμενεῖ βάσιν κυκλοῦντ’, Αἴαντι τῷ σακεςφόρῳ.",No text,"ΟΔΥΣΣΕΥΣ.  ΟΙΤΟΤΩΝ ΣΑΜΑΝΟΥ Η ΣΑΙ ΟΥΡΑΤΟΥ.
ΟΙ ΤΟΙΜΑ ΟΙ ΤΟΙΜΑΝΟΥ.

(ΣΑΜΑΝΟΥ)  ΟΙ ΤΟΙΜΑ","ΟΔΥΣΣΕΥΣ.  ΟΙΤΟΤΩΝ ΣΑΜΑΝΟΥ Η ΣΑΙ ΟΥΡΑΤΟΥ.
ΟΙ ΤΟΙΜΑ ΟΙ ΤΟΙΜΑΝΟΥ.

(ΣΑΜΑΝΟΥ)  ΟΙ ΤΟΙΜΑ","segment. Do not write anything else than the corrected text.

TEXT TO CORRECT:
JOHNA. ΟΔΥΣΣΕΥΣ. ΑΙΑΣ. AOHNA. ""dei μὲν, & παῖ Λἀρτίου, δέδορκά os πεῖράν τιν’ ἐχθρῶν ἁρπάσαι θηρώμενον· καὶ νῦν ἐπὶ σκηναῖς σε ναυτικαῖς ὁρῷῶ Αίαντος, ἔνθα τάξιν ἐσχάτην ἔχει, πάλαι κυνηγετοῦντα καὶ μετρούμενον ἴχνη τὰ κείνου νεοχάραχθ’, ὅπως ἴδῃς εἴτ’ ἔνδον, εἴτ’ οὐκ ἔνδον· εὖ δέ σ’ ἐκφέρει κυνὸς Λακαίνης ὥς τις εὔρινος βάσις. ἔνδον γὰρ ἀνὴρ ἄρτι τυγχάνει κάρα στάζων ἱδρῶτι nal χέρας ξιφοκτόνους. καί σ’ οὐδὲν εἴσω τῆςδε παπταίνειν πύλης ἔτ’ ἔργον ἐστὶν, ἐννέπειν δ’ ὅτου χάριν σπουδὴν Edov τήνδ’, ὡς παρ’ εἰδυίας μάθῃς. ΟΔΥΣΣΕΥΣ. Ὦ φθέγμ’ Ἀθάνας, φιλτάτης ἐμοὶ θεῶν, ὡς εὐμαθές σου, κἂν ἄποπτος 6, ὅμως φώνημ’ ἀκούω καὶ ξυναρπάζω φρενὶ, χαλκοστόμου κώδωνος ὡς Τυρσηνικῆς. καὶ νῦν ἐπέγνως εὖ μ’ ἐπ’ ἀνδρὶ δ’ ἐνδομέας καὶ τὴν δεξιά φάτων εἰπανταίτοις, καὶ ἐπιχειρῶς ὅτου γυναίκαις ἐμοὶ φάτιν, ὡς καὶ σκόλαιξες παρὰ καὶ ἐπὶ τὸ πλάνον γράφαντος πλάνον ἀποδεδεμέναι τε τὰς συναισθῆνας φάτως ἐχθρῶς· εὐλάβες, ὁ ἄνα δέ τι ἄμπειρον, καὶ πρὸς στρατηγήν καὶ πάντανος ἀπό τούτους ποιεῖν. οὐκ ἔμφισιν τοὺς αὐτοὺς οὐκ ἄλλον λαγοί δεξιοῦται ἀπέγχεσθαι.

TEXT CORRECTED BY US:
JOHNA. ΟΔΥΣΣΕΥΣ. ΑΙΑΣ. AOHNA. ""in the name of the Father and of the Son and of the Holy Spirit."" Dei μὲν Λἀρτίου, δέδορκα os πεῖράν τιν' ἐχθρῶν ἁρπάσαι θηρώμενον · καὶ νῦν ἐπὶ σκηναῖς σε ναυτικαῖς ὁρῷῶ Αίαντος, ἔνθα τάξιν ἐσχάτην ἔχει, πάλαι κυνηγετοῦντα καὶ μετρούμενον ἴχνη τὰ κείνου νεοχάραχθ’, ὅπως ἴδῃς εἴτ’ ἔνδον, εἴτ’ οὐκ ἔνδον· εὖ δέ σ’ ἐκφέρει κυνὸς Λακαίνης ὥς τις εὔρινος βάσις. ἔνδον γὰρ ἀνὴρ ἄρτι τυγχάνει κάρα στάζων ἱδρῶτι nal χέρας ξιφοκτόνους. καί σ’ οὐδὲν εἴσω τῆςδε παπταίνειν πύλης ἔτ’ ἔργον ἐστὶν, ἐννέπειν δ’",OPT-6.7B,prompt_complex_02,prompt_complex_02,zero-shot,el,results-ajmc_primary_text-facebook-opt-6.7b.jsonl,765,1.0,0.10714285714285714,-0.8928571428571429,99-100%,1.0,0.10714285714285714,-0.8928571428571429,99-100%,0.9241830065359478,0.41646778042959426,-0.5493665459283741,80-99%,-0.7783602772142201,Negative Improvement
11,bsb10234118,ajmc-primary-text,ΑΙΑΣ.,ATAZ.,"ATAZ.: Xaigew, Ἀθάνα, τἄλλ’ ἐγώ 0 ἐφίεμαι, κεῖνος δὲ τίσει τήνδε Hour ἄλλην δίκην. AQOHNA. Σὺ 0 οὔν, ἐπειδὴ τέρψις ἥδε 00 To δρᾷν, χρῶ χειρί· φείδου μηδέν ὦνπερ ἐννοεῖς. ΑΙΑΣ. Χορῶ προς ἔργον· τοῦτό σοι δ’ Epienan, τοιάνδ’ ἀεί μοι ξύμμαχον παρεστάναι. ΑΘΗΝΑ. Ὁρῷᾷς, Ὀδυσσεῦ, τὴν θεῶν ἰσχὺν, ὅση; τούτου τίς ἄν 008 τἀνδρὸς 7) προνούστερος, ἢ δρᾷν ἀμείνων εὑρέθη Ta καίρια; ΟΔΥΣΣΕΥΣ. Ἐγὼ μὲν οὐδέν’ old"" ἐποικτείρω δέ νιν ὕστῃνον £ ἄπας, καίπερ ὄντα Ousueun, ὁθούνεκ’ den ἑυγκατέζευκται κακῇ, οὐδὲν TO τούτου μᾶλλον ἢ τοὐμὸν σκοπῶν. ὁρῶ γὰρ ἡμᾶς οὐδὲν ὄντας ἄλλο πλὴν εἴδωλ’, ὅσοιπερ ζῶμεν, ἢ κούφην σκιάν. AOHNA. Τοιαῦτα τοίνυν εἰςορῶν, ὑπέρκοπον μηδέν ποτ’ εἴπῃς αὐτὸς eis θεοὺς ἔπος, und’ ὄγκον ἄρῃς μηδέν’, ei τινος πλέον ἢ χειρὶ βρίθεις ἢ μακροῦ πλούτου βάθει. ὡς ἡμέρα κλίνει TE κἀνάγει πάλιν ἅπαντα τἀνθρώπεια· τοὺς dd σώφρονας θεοὶ φιλοῦσι καὶ στυγοῦσι τοὺς κακούς.",ΑΙΑΣ.,ΑΙΑΣ.,"ΑΙΑΣ. Χαίρειν, Ἀθάνα, τἄλλ’ ἐγώ σ’ ἐφίεμαι, κεῖνος δὲ τίσει τήνδε κοὐκ ἄλλην δίκην. ΑΘΗΝΑ. Σὺ δ’ οὖν, ἐπειδὴ τέρψις ἥδε σοι τὸ δρᾷν, χρῶ χειρί· φείδου μηδὲν ὧνπερ ἐννοεῖς. ΑΙΑΣ. Χορῶ πρὸς ἔργον· τοῦτό σοι δ’ ἐφίεμαι, τοιάνδ’ ἀεί μοι ξύμμαχον παρεστάναι. ΑΘΗΝΑ. Ὁρᾷς, Ὀδυσσεῦ, τὴν θεῶν ἰσχὺν, ὅση ; τούτου τίς ἄν σοι τἀνδρὸς ἢ προνούστερος, ἢ δρᾷν ἀμείνων εὑρέθη τὰ καίρια ; ΟΔΥΣΣΕΥΣ. Ἐγὼ μὲν οὐδέν’ οἶδ’· ἐποικτείρω δέ νιν δύστηνον ἔμπας, καίπερ ὄντα δυςμενῆ, ὁθούνεκ’ ἄτῃ ξυγκατέζευκται κακῇ, οὐδὲν τὸ τούτου μᾶλλον ἢ τοὐμὸν σκοπῶν. ὁρῶ γὰρ ἡμᾶς οὐδὲν ὄντας ἄλλο πλὴν εἴδωλ’, ὅσοιπερ ζῶμεν, ἢ κούφην σκιάν. ΑΘΗΝΑ. Τοιαῦτα τοίνυν εἰςορῶν, ὑπέρκοπον μηδέν ποτ’ εἴπῃς αὐτὸς εἰς θεοὺς ἔπος, μηδ’ ὄγκον ἄρῃς μηδέν’, εἴ τινος πλέον ἢ χειρὶ βρίθεις ἢ μακροῦ πλούτου βάθει. ὡς ἡμέρα κλίνει τε κἀνάγει πάλιν ἅπαντα τἀνθρώπεια· τοὺς δὲ σώφρονας θεοὶ φιλοῦσι καὶ στυγοῦσι τοὺς κακούς.","Please assist with reviewing and correcting errors in texts produced by automatic transcription (OCR) of historical documents. Your task is to carefully examine the following text and correct any mistakes introduced by the OCR software. The text to be corrected comes from a classical commentary and consists of the primary text only, in ancient Greek. The text to correct appears after the segment ""TEXT TO CORRECT"". Please place the corrected version of the text after the ""CORRECTED TEXT:"" segment. Do not write anything else than the corrected text.

TEXT TO CORRECT:
ATAZ.: Xaigew, Ἀθάνα, τἄλλ’ ἐγώ 0 ἐφίεμαι, κεῖνος δὲ τίσει τήνδε Hour ἄλλην δίκην. AQOHNA. Σὺ 0 οὔν, ἐπειδὴ τέρψις ἥδε 00 To δρᾷν, χρῶ χειρί· φείδου μηδέν ὦνπερ ἐννοεῖς. ΑΙΑΣ. Χορῶ προς ἔργον· τοῦτό σοι δ’ Epienan, τοιάνδ’ ἀεί μοι ξύμμαχον παρεστάναι. ΑΘΗΝΑ. Ὁρῷᾷς, Ὀδυσσεῦ, τὴν θεῶν ἰσχὺν, ὅση; τούτου τίς ἄν 008 τἀνδρὸς 7) προνούστερος, ἢ δρᾷν ἀμείνων εὑρέθη Ta καίρια; ΟΔΥΣΣΕΥΣ. Ἐγὼ μὲν οὐδέν’ old"" ἐποικτείρω δέ νιν ὕστῃνον £ ἄπας, καίπερ ὄντα Ousueun, ὁθούνεκ’ den ἑυγκατέζευκται κακῇ, οὐδὲν TO τούτου μᾶλλον ἢ τοὐμὸν σκοπῶν. ὁρῶ γὰρ ἡμᾶς οὐδὲν ὄντας ἄλλο πλὴν εἴδωλ’, ὅσοιπερ ζῶμεν, ἢ κούφην σκιάν. AOHNA. Τοιαῦτα τοίνυν εἰςορῶν, ὑπέρκοπον μηδέν ποτ’ εἴπῃς αὐτὸς eis θεοὺς ἔπος, und’ ὄγκον ἄρῃς μηδέν’, ei τινος πλέον ἢ χειρὶ βρίθεις ἢ μακροῦ πλούτου βάθει. ὡς ἡμέρα κλίνει TE κἀνάγει πάλιν ἅπαντα τἀνθρώπεια· τοὺς dd σώφρονας θεοὶ φιλοῦσι καὶ στυγοῦσι τοὺς κακούς.


CORRECTED TEXT:","“…there is neither a single or a small thing in the world, either to be known by the eye, or to be measured by the eye, and yet to be unknown to those who know the truth.”
“We see only a part of that truth of which the world can not see.”
“But, we who know the truth are the only ones that are truly alive.”
“For the one who sees all that is and cannot understand it, is lost.”

A Commentary on the Book of Enoch

This book is a part of the works","Text to be corrected:

It is said that there are many trees and mountains on the earth, but what the
nestor has is better. A goodly number of trees are of good fruit, but
this tree alone has a very good fruit, as has been said. The tree is
called the nestor. It is very large and very hard, and when it is cut
or broken it will be a thousand years before the pieces can be fitted together.
The trunk of it is hollow; the inside is filled with water, which is called
the fountain of all things.","segment. Do not write anything else than the corrected text.

TEXT TO CORRECT:
ATAZ.: Xaigew, Ἀθάνα, τἄλλ’ ἐγώ 0 ἐφίεμαι, κεῖνος δὲ τίσει τήνδε Hour ἄλλην δίκην. AQOHNA. Σὺ 0 οὔν, ἐπειδὴ τέρψις ἥδε 00 To δρᾷν, χρῶ χειρί· φείδου μηδέν ὦνπερ ἐννοεῖς. ΑΙΑΣ. Χορῶ προς ἔργον· τοῦτό σοι δ’ Epienan, τοιάνδ’ ἀεί μοι ξύμμαχον παρεστάναι. ΑΘΗΝΑ. Ὁρῷᾷς, Ὀδυσσεῦ, τὴν θεῶν ἰσχὺν, ὅση; τούτου τίς ἄν 008 τἀνδρὸς 7) προνούστερος, ἢ δρᾷν ἀμείνων εὑρέθη Ta καίρια; ΟΔΥΣΣΕΥΣ. Ἐγὼ μὲν οὐδέν’ old"" ἐποικτείρω δέ νιν ὕστῃνον £ ἄπας, καίπερ ὄντα Ousueun, ὁθούνεκ’ den ἑυγκατέζευκται κακῇ, οὐδὲν TO τούτου μᾶλλον ἢ τοὐμὸν σκοπῶν. ὁρῶ γὰρ ἡμᾶς οὐδὲν ὄντας ἄλλο πλὴν εἴδωλ’, ὅσοιπερ ζῶμεν, ἢ κούφην σκιάν. AOHNA. Τοιαῦτα τοίνυν εἰςορῶν, ὑπέρκοπον μηδέν ποτ’ εἴπῃς αὐτὸς eis θεοὺς ἔπος, und’ ὄγκον ἄρῃς μηδέν’, ei τινος πλέον ἢ χειρὶ βρίθεις ἢ μακροῦ πλούτου βάθει. ὡς ἁμαρτικὸν δέ τῷ σπιλίου. ΑΘΗΝΑ. ὁρῶ ἡμᾶς οὐδὲν πληρέθη χρήσις εἴδωλ λόγω αὐτῷ. TAῶ λευκὸς δὲ τὸν εἰςοριανᾶς οὐδὲν ὑπέρκοπον γῆν, καὶ ἀφίεσθαι πατέρεις μὲν τὸν πόλεμον τῶν τραχοῖαν τὸν πόλεμον καὶ τὸν πόλεμον δὲ σπαθών τοὺς θεοὺς τὸ εἰςοριανοὺς οὐδὲν κάλεσεν τῶν πόλεμων τῆς χώρας καὶ δύναταν τις δικές τοῦ εἰςορίας τοῦ πόλεμον πολλοὺς καὶ ἑκεῖ ἑαυτοῦ δυναμίαν ἐγώ. ΑΘΗΝΑ. Αυτῳ πεζον χαρτὰν τοῦτος, καὶ ἐπειδάτου πολυμανεί οὐδὲν δέ χειρὶ ἑαυτοῦ ἑαυτόν, πεθανώς συναλλαγεῖ καὶ εἰςδέ τερονόμον, ἀλλ᾽ δὲ τούτων καὶ πατέρων δεδομένων οὐδὲν δέ τερονόμον. ὁρῶ ἀπό τὸ κατάλληλον τῶν πόλεμων, τὸν κατάλληλον, ὁρῶ τῷ πειραίνδες ἑαυτόν, προηγούμεναν αὐτὰ καὶ ἑαυτόν. ΑΘΗΝΑ. τὸν κατάλληλον τῶν πόλεμων τέρχονται ὄρως, ἀρχὰς οὐδὲν πεζον τέρχονται παραδειγμένα. ΑΘΗΝΑ. Αυτὰ πεζον οὐδὲν πολυμανεί, τὰς πόλεμας ἀκριβώς, τὰς δὲ θεοῦ",OPT-6.7B,prompt_complex_02,prompt_complex_02,zero-shot,el,results-ajmc_primary_text-facebook-opt-6.7b.jsonl,885,1.0,0.002242152466367713,-0.9977578475336323,99-100%,0.2,0.002028397565922921,-0.9898580121703854,0-40%,0.8711864406779661,0.4419024683925346,-0.4927578670202424,80-99%,-0.82679124224142,Negative Improvement
12,bsb10234118,ajmc-primary-text,τοιάνδ’ ἀεί μοι ξύμμαχον παρεστάναι.,"Χορῶ προς ἔργον· τοῦτό σοι δ’ Epienan, τοιάνδ’ ἀεί μοι ξύμμαχον παρεστάναι.","ATAZ.: Xaigew, Ἀθάνα, τἄλλ’ ἐγώ 0 ἐφίεμαι, κεῖνος δὲ τίσει τήνδε Hour ἄλλην δίκην. AQOHNA. Σὺ 0 οὔν, ἐπειδὴ τέρψις ἥδε 00 To δρᾷν, χρῶ χειρί· φείδου μηδέν ὦνπερ ἐννοεῖς. ΑΙΑΣ. Χορῶ προς ἔργον· τοῦτό σοι δ’ Epienan, τοιάνδ’ ἀεί μοι ξύμμαχον παρεστάναι. ΑΘΗΝΑ. Ὁρῷᾷς, Ὀδυσσεῦ, τὴν θεῶν ἰσχὺν, ὅση; τούτου τίς ἄν 008 τἀνδρὸς 7) προνούστερος, ἢ δρᾷν ἀμείνων εὑρέθη Ta καίρια; ΟΔΥΣΣΕΥΣ. Ἐγὼ μὲν οὐδέν’ old"" ἐποικτείρω δέ νιν ὕστῃνον £ ἄπας, καίπερ ὄντα Ousueun, ὁθούνεκ’ den ἑυγκατέζευκται κακῇ, οὐδὲν TO τούτου μᾶλλον ἢ τοὐμὸν σκοπῶν. ὁρῶ γὰρ ἡμᾶς οὐδὲν ὄντας ἄλλο πλὴν εἴδωλ’, ὅσοιπερ ζῶμεν, ἢ κούφην σκιάν. AOHNA. Τοιαῦτα τοίνυν εἰςορῶν, ὑπέρκοπον μηδέν ποτ’ εἴπῃς αὐτὸς eis θεοὺς ἔπος, und’ ὄγκον ἄρῃς μηδέν’, ei τινος πλέον ἢ χειρὶ βρίθεις ἢ μακροῦ πλούτου βάθει. ὡς ἡμέρα κλίνει TE κἀνάγει πάλιν ἅπαντα τἀνθρώπεια· τοὺς dd σώφρονας θεοὶ φιλοῦσι καὶ στυγοῦσι τοὺς κακούς.",τοιάνδ’ ἀεί μοι ξύμμαχον παρεστάναι.,"Χορῶ πρὸς ἔργον· τοῦτό σοι δ’ ἐφίεμαι, τοιάνδ’ ἀεί μοι ξύμμαχον παρεστάναι.","ΑΙΑΣ. Χαίρειν, Ἀθάνα, τἄλλ’ ἐγώ σ’ ἐφίεμαι, κεῖνος δὲ τίσει τήνδε κοὐκ ἄλλην δίκην. ΑΘΗΝΑ. Σὺ δ’ οὖν, ἐπειδὴ τέρψις ἥδε σοι τὸ δρᾷν, χρῶ χειρί· φείδου μηδὲν ὧνπερ ἐννοεῖς. ΑΙΑΣ. Χορῶ πρὸς ἔργον· τοῦτό σοι δ’ ἐφίεμαι, τοιάνδ’ ἀεί μοι ξύμμαχον παρεστάναι. ΑΘΗΝΑ. Ὁρᾷς, Ὀδυσσεῦ, τὴν θεῶν ἰσχὺν, ὅση ; τούτου τίς ἄν σοι τἀνδρὸς ἢ προνούστερος, ἢ δρᾷν ἀμείνων εὑρέθη τὰ καίρια ; ΟΔΥΣΣΕΥΣ. Ἐγὼ μὲν οὐδέν’ οἶδ’· ἐποικτείρω δέ νιν δύστηνον ἔμπας, καίπερ ὄντα δυςμενῆ, ὁθούνεκ’ ἄτῃ ξυγκατέζευκται κακῇ, οὐδὲν τὸ τούτου μᾶλλον ἢ τοὐμὸν σκοπῶν. ὁρῶ γὰρ ἡμᾶς οὐδὲν ὄντας ἄλλο πλὴν εἴδωλ’, ὅσοιπερ ζῶμεν, ἢ κούφην σκιάν. ΑΘΗΝΑ. Τοιαῦτα τοίνυν εἰςορῶν, ὑπέρκοπον μηδέν ποτ’ εἴπῃς αὐτὸς εἰς θεοὺς ἔπος, μηδ’ ὄγκον ἄρῃς μηδέν’, εἴ τινος πλέον ἢ χειρὶ βρίθεις ἢ μακροῦ πλούτου βάθει. ὡς ἡμέρα κλίνει τε κἀνάγει πάλιν ἅπαντα τἀνθρώπεια· τοὺς δὲ σώφρονας θεοὶ φιλοῦσι καὶ στυγοῦσι τοὺς κακούς.","Please assist with reviewing and correcting errors in texts produced by automatic transcription (OCR) of historical documents. Your task is to carefully examine the following text and correct any mistakes introduced by the OCR software. The text to be corrected comes from a classical commentary and consists of the primary text only, in ancient Greek. The text to correct appears after the segment ""TEXT TO CORRECT"". Please place the corrected version of the text after the ""CORRECTED TEXT:"" segment. Do not write anything else than the corrected text.

TEXT TO CORRECT:
Χορῶ προς ἔργον· τοῦτό σοι δ’ Epienan, τοιάνδ’ ἀεί μοι ξύμμαχον παρεστάναι.


CORRECTED TEXT:",οὐ καὶ μείλοι ταξιακοὺς τίμων ἔργειν πέμπτος καί ὁστεασον πλουσίν φωτάξων πετρεωρομένων θαραθογενησθοί και συσφενήσοντο μετασκείμενον τοῦτον αὐτ,"Χορῶ προς ἔργον· τοῦτό σοι δ’ Epienan, τοιάνδ’ ἀεί μοι ξύμμαχον παρεστάναι.

TEXT TO CORRECT:

CORRECTED TEXT:

TEXT TO CORRECT:

TEXT TO CORRECT:

TEXT TO CORRECT:

TEXT TO CORRECT:

TEXT TO CORRECT:

TEXT TO CORRECT:

TEXT TO CORRECT:

TEXT TO CORRECT:

TEXT TO CORRECT:

TEXT TO CORRECT:

TEXT TO CORRECT:

TEXT TO CORRECT:

TEXT TO CORRECT:

TEXT TO CORRECT:

TEXT TO CORRECT:","segment. Do not write anything else than the corrected text.

TEXT TO CORRECT:
ATAZ.: Xaigew, Ἀθάνα, τἄλλ’ ἐγώ 0 ἐφίεμαι, κεῖνος δὲ τίσει τήνδε Hour ἄλλην δίκην. AQOHNA. Σὺ 0 οὔν, ἐπειδὴ τέρψις ἥδε 00 To δρᾷν, χρῶ χειρί· φείδου μηδέν ὦνπερ ἐννοεῖς. ΑΙΑΣ. Χορῶ προς ἔργον· τοῦτό σοι δ’ Epienan, τοιάνδ’ ἀεί μοι ξύμμαχον παρεστάναι. ΑΘΗΝΑ. Ὁρῷᾷς, Ὀδυσσεῦ, τὴν θεῶν ἰσχὺν, ὅση; τούτου τίς ἄν 008 τἀνδρὸς 7) προνούστερος, ἢ δρᾷν ἀμείνων εὑρέθη Ta καίρια; ΟΔΥΣΣΕΥΣ. Ἐγὼ μὲν οὐδέν’ old"" ἐποικτείρω δέ νιν ὕστῃνον £ ἄπας, καίπερ ὄντα Ousueun, ὁθούνεκ’ den ἑυγκατέζευκται κακῇ, οὐδὲν TO τούτου μᾶλλον ἢ τοὐμὸν σκοπῶν. ὁρῶ γὰρ ἡμᾶς οὐδὲν ὄντας ἄλλο πλὴν εἴδωλ’, ὅσοιπερ ζῶμεν, ἢ κούφην σκιάν. AOHNA. Τοιαῦτα τοίνυν εἰςορῶν, ὑπέρκοπον μηδέν ποτ’ εἴπῃς αὐτὸς eis θεοὺς ἔπος, und’ ὄγκον ἄρῃς μηδέν’, ei τινος πλέον ἢ χειρὶ βρίθεις ἢ μακροῦ πλούτου βάθει. ὡς ἁμαρτικὸν δέ τῷ σπιλίου. ΑΘΗΝΑ. ὁρῶ ἡμᾶς οὐδὲν πληρέθη χρήσις εἴδωλ λόγω αὐτῷ. TAῶ λευκὸς δὲ τὸν εἰςοριανᾶς οὐδὲν ὑπέρκοπον γῆν, καὶ ἀφίεσθαι πατέρεις μὲν τὸν πόλεμον τῶν τραχοῖαν τὸν πόλεμον καὶ τὸν πόλεμον δὲ σπαθών τοὺς θεοὺς τὸ εἰςοριανοὺς οὐδὲν κάλεσεν τῶν πόλεμων τῆς χώρας καὶ δύναταν τις δικές τοῦ εἰςορίας τοῦ πόλεμον πολλοὺς καὶ ἑκεῖ ἑαυτοῦ δυναμίαν ἐγώ. ΑΘΗΝΑ. Αυτῳ πεζον χαρτὰν τοῦτος, καὶ ἐπειδάτου πολυμανεί οὐδὲν δέ χειρὶ ἑαυτοῦ ἑαυτόν, πεθανώς συναλλαγεῖ καὶ εἰςδέ τερονόμον, ἀλλ᾽ δὲ τούτων καὶ πατέρων δεδομένων οὐδὲν δέ τερονόμον. ὁρῶ ἀπό τὸ κατάλληλον τῶν πόλεμων, τὸν κατάλληλον, ὁρῶ τῷ πειραίνδες ἑαυτόν, προηγούμεναν αὐτὰ καὶ ἑαυτόν. ΑΘΗΝΑ. τὸν κατάλληλον τῶν πόλεμων τέρχονται ὄρως, ἀρχὰς οὐδὲν πεζον τέρχονται παραδειγμένα. ΑΘΗΝΑ. Αυτὰ πεζον οὐδὲν πολυμανεί, τὰς πόλεμας ἀκριβώς, τὰς δὲ θεοῦ",OPT-6.7B,prompt_complex_02,prompt_complex_02,zero-shot,el,results-ajmc_primary_text-facebook-opt-6.7b.jsonl,885,1.0,0.1388888888888889,-0.8611111111111112,99-100%,0.8933333333333333,0.1763157894736842,-0.8026315789473685,80-99%,0.8711864406779661,0.4419024683925346,-0.4927578670202424,80-99%,-0.7188335190262407,Negative Improvement
13,bsb10234118,ajmc-primary-text,ΑΘΗΝΑ.,AQOHNA.,"ATAZ.: Xaigew, Ἀθάνα, τἄλλ’ ἐγώ 0 ἐφίεμαι, κεῖνος δὲ τίσει τήνδε Hour ἄλλην δίκην. AQOHNA. Σὺ 0 οὔν, ἐπειδὴ τέρψις ἥδε 00 To δρᾷν, χρῶ χειρί· φείδου μηδέν ὦνπερ ἐννοεῖς. ΑΙΑΣ. Χορῶ προς ἔργον· τοῦτό σοι δ’ Epienan, τοιάνδ’ ἀεί μοι ξύμμαχον παρεστάναι. ΑΘΗΝΑ. Ὁρῷᾷς, Ὀδυσσεῦ, τὴν θεῶν ἰσχὺν, ὅση; τούτου τίς ἄν 008 τἀνδρὸς 7) προνούστερος, ἢ δρᾷν ἀμείνων εὑρέθη Ta καίρια; ΟΔΥΣΣΕΥΣ. Ἐγὼ μὲν οὐδέν’ old"" ἐποικτείρω δέ νιν ὕστῃνον £ ἄπας, καίπερ ὄντα Ousueun, ὁθούνεκ’ den ἑυγκατέζευκται κακῇ, οὐδὲν TO τούτου μᾶλλον ἢ τοὐμὸν σκοπῶν. ὁρῶ γὰρ ἡμᾶς οὐδὲν ὄντας ἄλλο πλὴν εἴδωλ’, ὅσοιπερ ζῶμεν, ἢ κούφην σκιάν. AOHNA. Τοιαῦτα τοίνυν εἰςορῶν, ὑπέρκοπον μηδέν ποτ’ εἴπῃς αὐτὸς eis θεοὺς ἔπος, und’ ὄγκον ἄρῃς μηδέν’, ei τινος πλέον ἢ χειρὶ βρίθεις ἢ μακροῦ πλούτου βάθει. ὡς ἡμέρα κλίνει TE κἀνάγει πάλιν ἅπαντα τἀνθρώπεια· τοὺς dd σώφρονας θεοὶ φιλοῦσι καὶ στυγοῦσι τοὺς κακούς.",ΑΘΗΝΑ.,ΑΘΗΝΑ.,"ΑΙΑΣ. Χαίρειν, Ἀθάνα, τἄλλ’ ἐγώ σ’ ἐφίεμαι, κεῖνος δὲ τίσει τήνδε κοὐκ ἄλλην δίκην. ΑΘΗΝΑ. Σὺ δ’ οὖν, ἐπειδὴ τέρψις ἥδε σοι τὸ δρᾷν, χρῶ χειρί· φείδου μηδὲν ὧνπερ ἐννοεῖς. ΑΙΑΣ. Χορῶ πρὸς ἔργον· τοῦτό σοι δ’ ἐφίεμαι, τοιάνδ’ ἀεί μοι ξύμμαχον παρεστάναι. ΑΘΗΝΑ. Ὁρᾷς, Ὀδυσσεῦ, τὴν θεῶν ἰσχὺν, ὅση ; τούτου τίς ἄν σοι τἀνδρὸς ἢ προνούστερος, ἢ δρᾷν ἀμείνων εὑρέθη τὰ καίρια ; ΟΔΥΣΣΕΥΣ. Ἐγὼ μὲν οὐδέν’ οἶδ’· ἐποικτείρω δέ νιν δύστηνον ἔμπας, καίπερ ὄντα δυςμενῆ, ὁθούνεκ’ ἄτῃ ξυγκατέζευκται κακῇ, οὐδὲν τὸ τούτου μᾶλλον ἢ τοὐμὸν σκοπῶν. ὁρῶ γὰρ ἡμᾶς οὐδὲν ὄντας ἄλλο πλὴν εἴδωλ’, ὅσοιπερ ζῶμεν, ἢ κούφην σκιάν. ΑΘΗΝΑ. Τοιαῦτα τοίνυν εἰςορῶν, ὑπέρκοπον μηδέν ποτ’ εἴπῃς αὐτὸς εἰς θεοὺς ἔπος, μηδ’ ὄγκον ἄρῃς μηδέν’, εἴ τινος πλέον ἢ χειρὶ βρίθεις ἢ μακροῦ πλούτου βάθει. ὡς ἡμέρα κλίνει τε κἀνάγει πάλιν ἅπαντα τἀνθρώπεια· τοὺς δὲ σώφρονας θεοὶ φιλοῦσι καὶ στυγοῦσι τοὺς κακούς.","Please assist with reviewing and correcting errors in texts produced by automatic transcription (OCR) of historical documents. Your task is to carefully examine the following text and correct any mistakes introduced by the OCR software. The text to be corrected comes from a classical commentary and consists of the primary text only, in ancient Greek. The text to correct appears after the segment ""TEXT TO CORRECT"". Please place the corrected version of the text after the ""CORRECTED TEXT:"" segment. Do not write anything else than the corrected text.

TEXT TO CORRECT:
AQOHNA.


CORRECTED TEXT:","In the case of the word μετάνωμα
του ανθρώπου
οι μετανέστεροι
μετάνημα
ευαγγέλλωμα
του μετανέστερου
οι μετανέστερου
οι μετανέστερου
οι μετ","The following, from which the other is adapted, occurs in Plato's Symposium:

[Athanasius says:]

I will, as soon as the heat of summer abates, and I shall go up again into the mountains where I used to walk in my youth. And it will be, if I succeed in my purpose, and shall go to the mountain-top and look down upon the sea, as I used to do when I was young and had all the world before me and was able to go where I wished,--it will be when I see this I shall be the happiest of","segment. Do not write anything else than the corrected text.

TEXT TO CORRECT:
ATAZ.: Xaigew, Ἀθάνα, τἄλλ’ ἐγώ 0 ἐφίεμαι, κεῖνος δὲ τίσει τήνδε Hour ἄλλην δίκην. AQOHNA. Σὺ 0 οὔν, ἐπειδὴ τέρψις ἥδε 00 To δρᾷν, χρῶ χειρί· φείδου μηδέν ὦνπερ ἐννοεῖς. ΑΙΑΣ. Χορῶ προς ἔργον· τοῦτό σοι δ’ Epienan, τοιάνδ’ ἀεί μοι ξύμμαχον παρεστάναι. ΑΘΗΝΑ. Ὁρῷᾷς, Ὀδυσσεῦ, τὴν θεῶν ἰσχὺν, ὅση; τούτου τίς ἄν 008 τἀνδρὸς 7) προνούστερος, ἢ δρᾷν ἀμείνων εὑρέθη Ta καίρια; ΟΔΥΣΣΕΥΣ. Ἐγὼ μὲν οὐδέν’ old"" ἐποικτείρω δέ νιν ὕστῃνον £ ἄπας, καίπερ ὄντα Ousueun, ὁθούνεκ’ den ἑυγκατέζευκται κακῇ, οὐδὲν TO τούτου μᾶλλον ἢ τοὐμὸν σκοπῶν. ὁρῶ γὰρ ἡμᾶς οὐδὲν ὄντας ἄλλο πλὴν εἴδωλ’, ὅσοιπερ ζῶμεν, ἢ κούφην σκιάν. AOHNA. Τοιαῦτα τοίνυν εἰςορῶν, ὑπέρκοπον μηδέν ποτ’ εἴπῃς αὐτὸς eis θεοὺς ἔπος, und’ ὄγκον ἄρῃς μηδέν’, ei τινος πλέον ἢ χειρὶ βρίθεις ἢ μακροῦ πλούτου βάθει. ὡς ἁμαρτικὸν δέ τῷ σπιλίου. ΑΘΗΝΑ. ὁρῶ ἡμᾶς οὐδὲν πληρέθη χρήσις εἴδωλ λόγω αὐτῷ. TAῶ λευκὸς δὲ τὸν εἰςοριανᾶς οὐδὲν ὑπέρκοπον γῆν, καὶ ἀφίεσθαι πατέρεις μὲν τὸν πόλεμον τῶν τραχοῖαν τὸν πόλεμον καὶ τὸν πόλεμον δὲ σπαθών τοὺς θεοὺς τὸ εἰςοριανοὺς οὐδὲν κάλεσεν τῶν πόλεμων τῆς χώρας καὶ δύναταν τις δικές τοῦ εἰςορίας τοῦ πόλεμον πολλοὺς καὶ ἑκεῖ ἑαυτοῦ δυναμίαν ἐγώ. ΑΘΗΝΑ. Αυτῳ πεζον χαρτὰν τοῦτος, καὶ ἐπειδάτου πολυμανεί οὐδὲν δέ χειρὶ ἑαυτοῦ ἑαυτόν, πεθανώς συναλλαγεῖ καὶ εἰςδέ τερονόμον, ἀλλ᾽ δὲ τούτων καὶ πατέρων δεδομένων οὐδὲν δέ τερονόμον. ὁρῶ ἀπό τὸ κατάλληλον τῶν πόλεμων, τὸν κατάλληλον, ὁρῶ τῷ πειραίνδες ἑαυτόν, προηγούμεναν αὐτὰ καὶ ἑαυτόν. ΑΘΗΝΑ. τὸν κατάλληλον τῶν πόλεμων τέρχονται ὄρως, ἀρχὰς οὐδὲν πεζον τέρχονται παραδειγμένα. ΑΘΗΝΑ. Αυτὰ πεζον οὐδὲν πολυμανεί, τὰς πόλεμας ἀκριβώς, τὰς δὲ θεοῦ",OPT-6.7B,prompt_complex_02,prompt_complex_02,zero-shot,el,results-ajmc_primary_text-facebook-opt-6.7b.jsonl,885,1.0,0.0,-1.0,99-100%,0.14285714285714285,0.0020833333333333333,-0.9854166666666667,0-40%,0.8711864406779661,0.4419024683925346,-0.4927578670202424,80-99%,-0.8260581778956363,Negative Improvement
14,bsb10234118,ajmc-primary-text,ΟΔΥΣΣΕΥΣ.,"Ὁρῷᾷς, Ὀδυσσεῦ, τὴν θεῶν ἰσχὺν, ὅση; τούτου τίς ἄν 008 τἀνδρὸς 7) προνούστερος, ἢ δρᾷν ἀμείνων εὑρέθη Ta καίρια; ΟΔΥΣΣΕΥΣ.","ATAZ.: Xaigew, Ἀθάνα, τἄλλ’ ἐγώ 0 ἐφίεμαι, κεῖνος δὲ τίσει τήνδε Hour ἄλλην δίκην. AQOHNA. Σὺ 0 οὔν, ἐπειδὴ τέρψις ἥδε 00 To δρᾷν, χρῶ χειρί· φείδου μηδέν ὦνπερ ἐννοεῖς. ΑΙΑΣ. Χορῶ προς ἔργον· τοῦτό σοι δ’ Epienan, τοιάνδ’ ἀεί μοι ξύμμαχον παρεστάναι. ΑΘΗΝΑ. Ὁρῷᾷς, Ὀδυσσεῦ, τὴν θεῶν ἰσχὺν, ὅση; τούτου τίς ἄν 008 τἀνδρὸς 7) προνούστερος, ἢ δρᾷν ἀμείνων εὑρέθη Ta καίρια; ΟΔΥΣΣΕΥΣ. Ἐγὼ μὲν οὐδέν’ old"" ἐποικτείρω δέ νιν ὕστῃνον £ ἄπας, καίπερ ὄντα Ousueun, ὁθούνεκ’ den ἑυγκατέζευκται κακῇ, οὐδὲν TO τούτου μᾶλλον ἢ τοὐμὸν σκοπῶν. ὁρῶ γὰρ ἡμᾶς οὐδὲν ὄντας ἄλλο πλὴν εἴδωλ’, ὅσοιπερ ζῶμεν, ἢ κούφην σκιάν. AOHNA. Τοιαῦτα τοίνυν εἰςορῶν, ὑπέρκοπον μηδέν ποτ’ εἴπῃς αὐτὸς eis θεοὺς ἔπος, und’ ὄγκον ἄρῃς μηδέν’, ei τινος πλέον ἢ χειρὶ βρίθεις ἢ μακροῦ πλούτου βάθει. ὡς ἡμέρα κλίνει TE κἀνάγει πάλιν ἅπαντα τἀνθρώπεια· τοὺς dd σώφρονας θεοὶ φιλοῦσι καὶ στυγοῦσι τοὺς κακούς.",ΟΔΥΣΣΕΥΣ.,"Ὁρᾷς, Ὀδυσσεῦ, τὴν θεῶν ἰσχὺν, ὅση ; τούτου τίς ἄν σοι τἀνδρὸς ἢ προνούστερος, ἢ δρᾷν ἀμείνων εὑρέθη τὰ καίρια ; ΟΔΥΣΣΕΥΣ.","ΑΙΑΣ. Χαίρειν, Ἀθάνα, τἄλλ’ ἐγώ σ’ ἐφίεμαι, κεῖνος δὲ τίσει τήνδε κοὐκ ἄλλην δίκην. ΑΘΗΝΑ. Σὺ δ’ οὖν, ἐπειδὴ τέρψις ἥδε σοι τὸ δρᾷν, χρῶ χειρί· φείδου μηδὲν ὧνπερ ἐννοεῖς. ΑΙΑΣ. Χορῶ πρὸς ἔργον· τοῦτό σοι δ’ ἐφίεμαι, τοιάνδ’ ἀεί μοι ξύμμαχον παρεστάναι. ΑΘΗΝΑ. Ὁρᾷς, Ὀδυσσεῦ, τὴν θεῶν ἰσχὺν, ὅση ; τούτου τίς ἄν σοι τἀνδρὸς ἢ προνούστερος, ἢ δρᾷν ἀμείνων εὑρέθη τὰ καίρια ; ΟΔΥΣΣΕΥΣ. Ἐγὼ μὲν οὐδέν’ οἶδ’· ἐποικτείρω δέ νιν δύστηνον ἔμπας, καίπερ ὄντα δυςμενῆ, ὁθούνεκ’ ἄτῃ ξυγκατέζευκται κακῇ, οὐδὲν τὸ τούτου μᾶλλον ἢ τοὐμὸν σκοπῶν. ὁρῶ γὰρ ἡμᾶς οὐδὲν ὄντας ἄλλο πλὴν εἴδωλ’, ὅσοιπερ ζῶμεν, ἢ κούφην σκιάν. ΑΘΗΝΑ. Τοιαῦτα τοίνυν εἰςορῶν, ὑπέρκοπον μηδέν ποτ’ εἴπῃς αὐτὸς εἰς θεοὺς ἔπος, μηδ’ ὄγκον ἄρῃς μηδέν’, εἴ τινος πλέον ἢ χειρὶ βρίθεις ἢ μακροῦ πλούτου βάθει. ὡς ἡμέρα κλίνει τε κἀνάγει πάλιν ἅπαντα τἀνθρώπεια· τοὺς δὲ σώφρονας θεοὶ φιλοῦσι καὶ στυγοῦσι τοὺς κακούς.","Please assist with reviewing and correcting errors in texts produced by automatic transcription (OCR) of historical documents. Your task is to carefully examine the following text and correct any mistakes introduced by the OCR software. The text to be corrected comes from a classical commentary and consists of the primary text only, in ancient Greek. The text to correct appears after the segment ""TEXT TO CORRECT"". Please place the corrected version of the text after the ""CORRECTED TEXT:"" segment. Do not write anything else than the corrected text.

TEXT TO CORRECT:
Ὁρῷᾷς, Ὀδυσσεῦ, τὴν θεῶν ἰσχὺν, ὅση; τούτου τίς ἄν 008 τἀνδρὸς 7) προνούστερος, ἢ δρᾷν ἀμείνων εὑρέθη Ta καίρια; ΟΔΥΣΣΕΥΣ.


CORRECTED TEXT:","ΟΔΥΣΣΕΥΣ.  ΟΙΤΟΤΩΝ ΣΑΜΑΝΟΥ Η ΣΑΙ ΟΥΡΑΤΟΥ.
ΟΙ ΤΟΙΜΑ ΟΙ ΤΟΙΜΑΝΟΥ.

(ΣΑΜΑΝΟΥ)  ΟΙ ΤΟΙΜΑ","Ὁρῷᾷς, Ὀδυσσεῦ, τὴν θεῶν ἰσχὺν, ὅση; τούτου τίς ἄν 010 τἀνδρὸς 7) προνούστερος, ἢ δρᾷν ἀμείνων εὑρέθη λαχὺν καὶ εἰρήνης. ΟΔΥΣΣΕΥΣ.

A few more examples of texts produced by OCR:

The original text reads ""καὶ κοινωνεῖ οὐκ ἐν ἀρχιερεῖ οὐδῶν ἀμεινέων καὶ προνούστερος"". The OCR software converts the first","segment. Do not write anything else than the corrected text.

TEXT TO CORRECT:
ATAZ.: Xaigew, Ἀθάνα, τἄλλ’ ἐγώ 0 ἐφίεμαι, κεῖνος δὲ τίσει τήνδε Hour ἄλλην δίκην. AQOHNA. Σὺ 0 οὔν, ἐπειδὴ τέρψις ἥδε 00 To δρᾷν, χρῶ χειρί· φείδου μηδέν ὦνπερ ἐννοεῖς. ΑΙΑΣ. Χορῶ προς ἔργον· τοῦτό σοι δ’ Epienan, τοιάνδ’ ἀεί μοι ξύμμαχον παρεστάναι. ΑΘΗΝΑ. Ὁρῷᾷς, Ὀδυσσεῦ, τὴν θεῶν ἰσχὺν, ὅση; τούτου τίς ἄν 008 τἀνδρὸς 7) προνούστερος, ἢ δρᾷν ἀμείνων εὑρέθη Ta καίρια; ΟΔΥΣΣΕΥΣ. Ἐγὼ μὲν οὐδέν’ old"" ἐποικτείρω δέ νιν ὕστῃνον £ ἄπας, καίπερ ὄντα Ousueun, ὁθούνεκ’ den ἑυγκατέζευκται κακῇ, οὐδὲν TO τούτου μᾶλλον ἢ τοὐμὸν σκοπῶν. ὁρῶ γὰρ ἡμᾶς οὐδὲν ὄντας ἄλλο πλὴν εἴδωλ’, ὅσοιπερ ζῶμεν, ἢ κούφην σκιάν. AOHNA. Τοιαῦτα τοίνυν εἰςορῶν, ὑπέρκοπον μηδέν ποτ’ εἴπῃς αὐτὸς eis θεοὺς ἔπος, und’ ὄγκον ἄρῃς μηδέν’, ei τινος πλέον ἢ χειρὶ βρίθεις ἢ μακροῦ πλούτου βάθει. ὡς ἁμαρτικὸν δέ τῷ σπιλίου. ΑΘΗΝΑ. ὁρῶ ἡμᾶς οὐδὲν πληρέθη χρήσις εἴδωλ λόγω αὐτῷ. TAῶ λευκὸς δὲ τὸν εἰςοριανᾶς οὐδὲν ὑπέρκοπον γῆν, καὶ ἀφίεσθαι πατέρεις μὲν τὸν πόλεμον τῶν τραχοῖαν τὸν πόλεμον καὶ τὸν πόλεμον δὲ σπαθών τοὺς θεοὺς τὸ εἰςοριανοὺς οὐδὲν κάλεσεν τῶν πόλεμων τῆς χώρας καὶ δύναταν τις δικές τοῦ εἰςορίας τοῦ πόλεμον πολλοὺς καὶ ἑκεῖ ἑαυτοῦ δυναμίαν ἐγώ. ΑΘΗΝΑ. Αυτῳ πεζον χαρτὰν τοῦτος, καὶ ἐπειδάτου πολυμανεί οὐδὲν δέ χειρὶ ἑαυτοῦ ἑαυτόν, πεθανώς συναλλαγεῖ καὶ εἰςδέ τερονόμον, ἀλλ᾽ δὲ τούτων καὶ πατέρων δεδομένων οὐδὲν δέ τερονόμον. ὁρῶ ἀπό τὸ κατάλληλον τῶν πόλεμων, τὸν κατάλληλον, ὁρῶ τῷ πειραίνδες ἑαυτόν, προηγούμεναν αὐτὰ καὶ ἑαυτόν. ΑΘΗΝΑ. τὸν κατάλληλον τῶν πόλεμων τέρχονται ὄρως, ἀρχὰς οὐδὲν πεζον τέρχονται παραδειγμένα. ΑΘΗΝΑ. Αυτὰ πεζον οὐδὲν πολυμανεί, τὰς πόλεμας ἀκριβώς, τὰς δὲ θεοῦ",OPT-6.7B,prompt_complex_02,prompt_complex_02,zero-shot,el,results-ajmc_primary_text-facebook-opt-6.7b.jsonl,885,1.0,0.10714285714285714,-0.8928571428571429,99-100%,0.9024390243902439,0.3543046357615894,-0.6073921603722928,80-99%,0.8711864406779661,0.4419024683925346,-0.4927578670202424,80-99%,-0.6643357234165593,Negative Improvement
15,bsb10234118,ajmc-primary-text,ἢ χειρὶ βρίθεις ἢ μακροῦ πλούτου βάθει.,"Τοιαῦτα τοίνυν εἰςορῶν, ὑπέρκοπον μηδέν ποτ’ εἴπῃς αὐτὸς eis θεοὺς ἔπος, und’ ὄγκον ἄρῃς μηδέν’, ei τινος πλέον ἢ χειρὶ βρίθεις ἢ μακροῦ πλούτου βάθει.","ATAZ.: Xaigew, Ἀθάνα, τἄλλ’ ἐγώ 0 ἐφίεμαι, κεῖνος δὲ τίσει τήνδε Hour ἄλλην δίκην. AQOHNA. Σὺ 0 οὔν, ἐπειδὴ τέρψις ἥδε 00 To δρᾷν, χρῶ χειρί· φείδου μηδέν ὦνπερ ἐννοεῖς. ΑΙΑΣ. Χορῶ προς ἔργον· τοῦτό σοι δ’ Epienan, τοιάνδ’ ἀεί μοι ξύμμαχον παρεστάναι. ΑΘΗΝΑ. Ὁρῷᾷς, Ὀδυσσεῦ, τὴν θεῶν ἰσχὺν, ὅση; τούτου τίς ἄν 008 τἀνδρὸς 7) προνούστερος, ἢ δρᾷν ἀμείνων εὑρέθη Ta καίρια; ΟΔΥΣΣΕΥΣ. Ἐγὼ μὲν οὐδέν’ old"" ἐποικτείρω δέ νιν ὕστῃνον £ ἄπας, καίπερ ὄντα Ousueun, ὁθούνεκ’ den ἑυγκατέζευκται κακῇ, οὐδὲν TO τούτου μᾶλλον ἢ τοὐμὸν σκοπῶν. ὁρῶ γὰρ ἡμᾶς οὐδὲν ὄντας ἄλλο πλὴν εἴδωλ’, ὅσοιπερ ζῶμεν, ἢ κούφην σκιάν. AOHNA. Τοιαῦτα τοίνυν εἰςορῶν, ὑπέρκοπον μηδέν ποτ’ εἴπῃς αὐτὸς eis θεοὺς ἔπος, und’ ὄγκον ἄρῃς μηδέν’, ei τινος πλέον ἢ χειρὶ βρίθεις ἢ μακροῦ πλούτου βάθει. ὡς ἡμέρα κλίνει TE κἀνάγει πάλιν ἅπαντα τἀνθρώπεια· τοὺς dd σώφρονας θεοὶ φιλοῦσι καὶ στυγοῦσι τοὺς κακούς.",ἢ χειρὶ βρίθεις ἢ μακροῦ πλούτου βάθει.,"Τοιαῦτα τοίνυν εἰςορῶν, ὑπέρκοπον μηδέν ποτ’ εἴπῃς αὐτὸς εἰς θεοὺς ἔπος, μηδ’ ὄγκον ἄρῃς μηδέν’, εἴ τινος πλέον ἢ χειρὶ βρίθεις ἢ μακροῦ πλούτου βάθει.","ΑΙΑΣ. Χαίρειν, Ἀθάνα, τἄλλ’ ἐγώ σ’ ἐφίεμαι, κεῖνος δὲ τίσει τήνδε κοὐκ ἄλλην δίκην. ΑΘΗΝΑ. Σὺ δ’ οὖν, ἐπειδὴ τέρψις ἥδε σοι τὸ δρᾷν, χρῶ χειρί· φείδου μηδὲν ὧνπερ ἐννοεῖς. ΑΙΑΣ. Χορῶ πρὸς ἔργον· τοῦτό σοι δ’ ἐφίεμαι, τοιάνδ’ ἀεί μοι ξύμμαχον παρεστάναι. ΑΘΗΝΑ. Ὁρᾷς, Ὀδυσσεῦ, τὴν θεῶν ἰσχὺν, ὅση ; τούτου τίς ἄν σοι τἀνδρὸς ἢ προνούστερος, ἢ δρᾷν ἀμείνων εὑρέθη τὰ καίρια ; ΟΔΥΣΣΕΥΣ. Ἐγὼ μὲν οὐδέν’ οἶδ’· ἐποικτείρω δέ νιν δύστηνον ἔμπας, καίπερ ὄντα δυςμενῆ, ὁθούνεκ’ ἄτῃ ξυγκατέζευκται κακῇ, οὐδὲν τὸ τούτου μᾶλλον ἢ τοὐμὸν σκοπῶν. ὁρῶ γὰρ ἡμᾶς οὐδὲν ὄντας ἄλλο πλὴν εἴδωλ’, ὅσοιπερ ζῶμεν, ἢ κούφην σκιάν. ΑΘΗΝΑ. Τοιαῦτα τοίνυν εἰςορῶν, ὑπέρκοπον μηδέν ποτ’ εἴπῃς αὐτὸς εἰς θεοὺς ἔπος, μηδ’ ὄγκον ἄρῃς μηδέν’, εἴ τινος πλέον ἢ χειρὶ βρίθεις ἢ μακροῦ πλούτου βάθει. ὡς ἡμέρα κλίνει τε κἀνάγει πάλιν ἅπαντα τἀνθρώπεια· τοὺς δὲ σώφρονας θεοὶ φιλοῦσι καὶ στυγοῦσι τοὺς κακούς.","Please assist with reviewing and correcting errors in texts produced by automatic transcription (OCR) of historical documents. Your task is to carefully examine the following text and correct any mistakes introduced by the OCR software. The text to be corrected comes from a classical commentary and consists of the primary text only, in ancient Greek. The text to correct appears after the segment ""TEXT TO CORRECT"". Please place the corrected version of the text after the ""CORRECTED TEXT:"" segment. Do not write anything else than the corrected text.

TEXT TO CORRECT:
Τοιαῦτα τοίνυν εἰςορῶν, ὑπέρκοπον μηδέν ποτ’ εἴπῃς αὐτὸς eis θεοὺς ἔπος, und’ ὄγκον ἄρῃς μηδέν’, ei τινος πλέον ἢ χειρὶ βρίθεις ἢ μακροῦ πλούτου βάθει.


CORRECTED TEXT:","ἢ κολλῶς βρίθεις μακροῦ πλούτου βάθει.

TEXT TO CORRECT:
καλλῶς βρίθεις μακροῦ πλούτου βάθει.

CORRECTED TEXT:
καλλῶς βρίθεις μακροῦ πλούτου βάθει.

TEXT TO CORRECT:
καλλῶς βρί","οὐκ ἔπος διὰ τὸ πλεον ἐλάσθαι τοιαῦτα πλοῦνται πλοῦντες.
ἂν ἐπί διὰ τὸ πλεον ἐλάσθαι τοιαῦτα πλοῦνται πλοῦντες; αὐτὸς ἢ ἐπὶ τοῖς θεοῖς τὸ πλεον τὸ εἰςορῶν εἰςοίκοις, ὄνομα μὲν ἐπὶ τῆς πλήθος καὶ ἐμοῦ παρέλαβος.
Τὸ ἄρος γὰρ πρὸς δὲ ἐκδόσθως το�","segment. Do not write anything else than the corrected text.

TEXT TO CORRECT:
ATAZ.: Xaigew, Ἀθάνα, τἄλλ’ ἐγώ 0 ἐφίεμαι, κεῖνος δὲ τίσει τήνδε Hour ἄλλην δίκην. AQOHNA. Σὺ 0 οὔν, ἐπειδὴ τέρψις ἥδε 00 To δρᾷν, χρῶ χειρί· φείδου μηδέν ὦνπερ ἐννοεῖς. ΑΙΑΣ. Χορῶ προς ἔργον· τοῦτό σοι δ’ Epienan, τοιάνδ’ ἀεί μοι ξύμμαχον παρεστάναι. ΑΘΗΝΑ. Ὁρῷᾷς, Ὀδυσσεῦ, τὴν θεῶν ἰσχὺν, ὅση; τούτου τίς ἄν 008 τἀνδρὸς 7) προνούστερος, ἢ δρᾷν ἀμείνων εὑρέθη Ta καίρια; ΟΔΥΣΣΕΥΣ. Ἐγὼ μὲν οὐδέν’ old"" ἐποικτείρω δέ νιν ὕστῃνον £ ἄπας, καίπερ ὄντα Ousueun, ὁθούνεκ’ den ἑυγκατέζευκται κακῇ, οὐδὲν TO τούτου μᾶλλον ἢ τοὐμὸν σκοπῶν. ὁρῶ γὰρ ἡμᾶς οὐδὲν ὄντας ἄλλο πλὴν εἴδωλ’, ὅσοιπερ ζῶμεν, ἢ κούφην σκιάν. AOHNA. Τοιαῦτα τοίνυν εἰςορῶν, ὑπέρκοπον μηδέν ποτ’ εἴπῃς αὐτὸς eis θεοὺς ἔπος, und’ ὄγκον ἄρῃς μηδέν’, ei τινος πλέον ἢ χειρὶ βρίθεις ἢ μακροῦ πλούτου βάθει. ὡς ἁμαρτικὸν δέ τῷ σπιλίου. ΑΘΗΝΑ. ὁρῶ ἡμᾶς οὐδὲν πληρέθη χρήσις εἴδωλ λόγω αὐτῷ. TAῶ λευκὸς δὲ τὸν εἰςοριανᾶς οὐδὲν ὑπέρκοπον γῆν, καὶ ἀφίεσθαι πατέρεις μὲν τὸν πόλεμον τῶν τραχοῖαν τὸν πόλεμον καὶ τὸν πόλεμον δὲ σπαθών τοὺς θεοὺς τὸ εἰςοριανοὺς οὐδὲν κάλεσεν τῶν πόλεμων τῆς χώρας καὶ δύναταν τις δικές τοῦ εἰςορίας τοῦ πόλεμον πολλοὺς καὶ ἑκεῖ ἑαυτοῦ δυναμίαν ἐγώ. ΑΘΗΝΑ. Αυτῳ πεζον χαρτὰν τοῦτος, καὶ ἐπειδάτου πολυμανεί οὐδὲν δέ χειρὶ ἑαυτοῦ ἑαυτόν, πεθανώς συναλλαγεῖ καὶ εἰςδέ τερονόμον, ἀλλ᾽ δὲ τούτων καὶ πατέρων δεδομένων οὐδὲν δέ τερονόμον. ὁρῶ ἀπό τὸ κατάλληλον τῶν πόλεμων, τὸν κατάλληλον, ὁρῶ τῷ πειραίνδες ἑαυτόν, προηγούμεναν αὐτὰ καὶ ἑαυτόν. ΑΘΗΝΑ. τὸν κατάλληλον τῶν πόλεμων τέρχονται ὄρως, ἀρχὰς οὐδὲν πεζον τέρχονται παραδειγμένα. ΑΘΗΝΑ. Αυτὰ πεζον οὐδὲν πολυμανεί, τὰς πόλεμας ἀκριβώς, τὰς δὲ θεοῦ",OPT-6.7B,prompt_complex_02,prompt_complex_02,zero-shot,el,results-ajmc_primary_text-facebook-opt-6.7b.jsonl,885,1.0,0.20454545454545456,-0.7954545454545454,99-100%,0.9090909090909091,0.2345679012345679,-0.7419753086419753,80-99%,0.8711864406779661,0.4419024683925346,-0.4927578670202424,80-99%,-0.6767292403722543,Negative Improvement
16,bsb10234118,ajmc-primary-text,θεοὶ φιλοῦσι καὶ στυγοῦσι τοὺς κακούς.,ὡς ἡμέρα κλίνει TE κἀνάγει πάλιν ἅπαντα τἀνθρώπεια· τοὺς dd σώφρονας θεοὶ φιλοῦσι καὶ στυγοῦσι τοὺς κακούς.,"ATAZ.: Xaigew, Ἀθάνα, τἄλλ’ ἐγώ 0 ἐφίεμαι, κεῖνος δὲ τίσει τήνδε Hour ἄλλην δίκην. AQOHNA. Σὺ 0 οὔν, ἐπειδὴ τέρψις ἥδε 00 To δρᾷν, χρῶ χειρί· φείδου μηδέν ὦνπερ ἐννοεῖς. ΑΙΑΣ. Χορῶ προς ἔργον· τοῦτό σοι δ’ Epienan, τοιάνδ’ ἀεί μοι ξύμμαχον παρεστάναι. ΑΘΗΝΑ. Ὁρῷᾷς, Ὀδυσσεῦ, τὴν θεῶν ἰσχὺν, ὅση; τούτου τίς ἄν 008 τἀνδρὸς 7) προνούστερος, ἢ δρᾷν ἀμείνων εὑρέθη Ta καίρια; ΟΔΥΣΣΕΥΣ. Ἐγὼ μὲν οὐδέν’ old"" ἐποικτείρω δέ νιν ὕστῃνον £ ἄπας, καίπερ ὄντα Ousueun, ὁθούνεκ’ den ἑυγκατέζευκται κακῇ, οὐδὲν TO τούτου μᾶλλον ἢ τοὐμὸν σκοπῶν. ὁρῶ γὰρ ἡμᾶς οὐδὲν ὄντας ἄλλο πλὴν εἴδωλ’, ὅσοιπερ ζῶμεν, ἢ κούφην σκιάν. AOHNA. Τοιαῦτα τοίνυν εἰςορῶν, ὑπέρκοπον μηδέν ποτ’ εἴπῃς αὐτὸς eis θεοὺς ἔπος, und’ ὄγκον ἄρῃς μηδέν’, ei τινος πλέον ἢ χειρὶ βρίθεις ἢ μακροῦ πλούτου βάθει. ὡς ἡμέρα κλίνει TE κἀνάγει πάλιν ἅπαντα τἀνθρώπεια· τοὺς dd σώφρονας θεοὶ φιλοῦσι καὶ στυγοῦσι τοὺς κακούς.",θεοὶ φιλοῦσι καὶ στυγοῦσι τοὺς κακούς.,ὡς ἡμέρα κλίνει τε κἀνάγει πάλιν ἅπαντα τἀνθρώπεια· τοὺς δὲ σώφρονας θεοὶ φιλοῦσι καὶ στυγοῦσι τοὺς κακούς.,"ΑΙΑΣ. Χαίρειν, Ἀθάνα, τἄλλ’ ἐγώ σ’ ἐφίεμαι, κεῖνος δὲ τίσει τήνδε κοὐκ ἄλλην δίκην. ΑΘΗΝΑ. Σὺ δ’ οὖν, ἐπειδὴ τέρψις ἥδε σοι τὸ δρᾷν, χρῶ χειρί· φείδου μηδὲν ὧνπερ ἐννοεῖς. ΑΙΑΣ. Χορῶ πρὸς ἔργον· τοῦτό σοι δ’ ἐφίεμαι, τοιάνδ’ ἀεί μοι ξύμμαχον παρεστάναι. ΑΘΗΝΑ. Ὁρᾷς, Ὀδυσσεῦ, τὴν θεῶν ἰσχὺν, ὅση ; τούτου τίς ἄν σοι τἀνδρὸς ἢ προνούστερος, ἢ δρᾷν ἀμείνων εὑρέθη τὰ καίρια ; ΟΔΥΣΣΕΥΣ. Ἐγὼ μὲν οὐδέν’ οἶδ’· ἐποικτείρω δέ νιν δύστηνον ἔμπας, καίπερ ὄντα δυςμενῆ, ὁθούνεκ’ ἄτῃ ξυγκατέζευκται κακῇ, οὐδὲν τὸ τούτου μᾶλλον ἢ τοὐμὸν σκοπῶν. ὁρῶ γὰρ ἡμᾶς οὐδὲν ὄντας ἄλλο πλὴν εἴδωλ’, ὅσοιπερ ζῶμεν, ἢ κούφην σκιάν. ΑΘΗΝΑ. Τοιαῦτα τοίνυν εἰςορῶν, ὑπέρκοπον μηδέν ποτ’ εἴπῃς αὐτὸς εἰς θεοὺς ἔπος, μηδ’ ὄγκον ἄρῃς μηδέν’, εἴ τινος πλέον ἢ χειρὶ βρίθεις ἢ μακροῦ πλούτου βάθει. ὡς ἡμέρα κλίνει τε κἀνάγει πάλιν ἅπαντα τἀνθρώπεια· τοὺς δὲ σώφρονας θεοὶ φιλοῦσι καὶ στυγοῦσι τοὺς κακούς.","Please assist with reviewing and correcting errors in texts produced by automatic transcription (OCR) of historical documents. Your task is to carefully examine the following text and correct any mistakes introduced by the OCR software. The text to be corrected comes from a classical commentary and consists of the primary text only, in ancient Greek. The text to correct appears after the segment ""TEXT TO CORRECT"". Please place the corrected version of the text after the ""CORRECTED TEXT:"" segment. Do not write anything else than the corrected text.

TEXT TO CORRECT:
ὡς ἡμέρα κλίνει TE κἀνάγει πάλιν ἅπαντα τἀνθρώπεια· τοὺς dd σώφρονας θεοὶ φιλοῦσι καὶ στυγοῦσι τοὺς κακούς.


CORRECTED TEXT:","θεοὶ φιλοῦσι καὶ στυγοῦσι τοὺς κακούς.

 θεοὶ φιλοῦσι καὶ στυγοῦσι τοὺς κακούς. (For the ""text to correct"" please see page 963).

This text to correct has been added to the page as a placeholder for the missing text. It is not meant to be a part of the text itself. If you have found some errors on the page and you want to correct them, please go ahead and do it, but please make","ὡς ἡμέρα κλίνει TE κἀνάγει πάλιν ἅπαντα τἀνθρώπεια· τοὺς dd σώφρονας θεοὶ φιλοῦσι καὶ στυγοῦσι τοὺς κακούς.

TEXT TO CORRECT:
ὡς ἡμέρα κλίνει TE κἀνάγει πάλιν ἅπαντα τἀνθρώπεια· τοὺς dd σώφρονας θεοὶ φιλοῦσι καὶ στυγοῦσι το","segment. Do not write anything else than the corrected text.

TEXT TO CORRECT:
ATAZ.: Xaigew, Ἀθάνα, τἄλλ’ ἐγώ 0 ἐφίεμαι, κεῖνος δὲ τίσει τήνδε Hour ἄλλην δίκην. AQOHNA. Σὺ 0 οὔν, ἐπειδὴ τέρψις ἥδε 00 To δρᾷν, χρῶ χειρί· φείδου μηδέν ὦνπερ ἐννοεῖς. ΑΙΑΣ. Χορῶ προς ἔργον· τοῦτό σοι δ’ Epienan, τοιάνδ’ ἀεί μοι ξύμμαχον παρεστάναι. ΑΘΗΝΑ. Ὁρῷᾷς, Ὀδυσσεῦ, τὴν θεῶν ἰσχὺν, ὅση; τούτου τίς ἄν 008 τἀνδρὸς 7) προνούστερος, ἢ δρᾷν ἀμείνων εὑρέθη Ta καίρια; ΟΔΥΣΣΕΥΣ. Ἐγὼ μὲν οὐδέν’ old"" ἐποικτείρω δέ νιν ὕστῃνον £ ἄπας, καίπερ ὄντα Ousueun, ὁθούνεκ’ den ἑυγκατέζευκται κακῇ, οὐδὲν TO τούτου μᾶλλον ἢ τοὐμὸν σκοπῶν. ὁρῶ γὰρ ἡμᾶς οὐδὲν ὄντας ἄλλο πλὴν εἴδωλ’, ὅσοιπερ ζῶμεν, ἢ κούφην σκιάν. AOHNA. Τοιαῦτα τοίνυν εἰςορῶν, ὑπέρκοπον μηδέν ποτ’ εἴπῃς αὐτὸς eis θεοὺς ἔπος, und’ ὄγκον ἄρῃς μηδέν’, ei τινος πλέον ἢ χειρὶ βρίθεις ἢ μακροῦ πλούτου βάθει. ὡς ἁμαρτικὸν δέ τῷ σπιλίου. ΑΘΗΝΑ. ὁρῶ ἡμᾶς οὐδὲν πληρέθη χρήσις εἴδωλ λόγω αὐτῷ. TAῶ λευκὸς δὲ τὸν εἰςοριανᾶς οὐδὲν ὑπέρκοπον γῆν, καὶ ἀφίεσθαι πατέρεις μὲν τὸν πόλεμον τῶν τραχοῖαν τὸν πόλεμον καὶ τὸν πόλεμον δὲ σπαθών τοὺς θεοὺς τὸ εἰςοριανοὺς οὐδὲν κάλεσεν τῶν πόλεμων τῆς χώρας καὶ δύναταν τις δικές τοῦ εἰςορίας τοῦ πόλεμον πολλοὺς καὶ ἑκεῖ ἑαυτοῦ δυναμίαν ἐγώ. ΑΘΗΝΑ. Αυτῳ πεζον χαρτὰν τοῦτος, καὶ ἐπειδάτου πολυμανεί οὐδὲν δέ χειρὶ ἑαυτοῦ ἑαυτόν, πεθανώς συναλλαγεῖ καὶ εἰςδέ τερονόμον, ἀλλ᾽ δὲ τούτων καὶ πατέρων δεδομένων οὐδὲν δέ τερονόμον. ὁρῶ ἀπό τὸ κατάλληλον τῶν πόλεμων, τὸν κατάλληλον, ὁρῶ τῷ πειραίνδες ἑαυτόν, προηγούμεναν αὐτὰ καὶ ἑαυτόν. ΑΘΗΝΑ. τὸν κατάλληλον τῶν πόλεμων τέρχονται ὄρως, ἀρχὰς οὐδὲν πεζον τέρχονται παραδειγμένα. ΑΘΗΝΑ. Αυτὰ πεζον οὐδὲν πολυμανεί, τὰς πόλεμας ἀκριβώς, τὰς δὲ θεοῦ",OPT-6.7B,prompt_complex_02,prompt_complex_02,zero-shot,el,results-ajmc_primary_text-facebook-opt-6.7b.jsonl,885,1.0,0.1,-0.9,99-100%,0.9444444444444444,0.452914798206278,-0.5204431548404115,80-99%,0.8711864406779661,0.4419024683925346,-0.4927578670202424,80-99%,-0.6377336739535513,Negative Improvement
17,bsb10234118,ajmc-primary-text,ΑΙΑΣ.,ATAZ.,"ATAZ.: Xaigew, Ἀθάνα, τἄλλ’ ἐγώ 0 ἐφίεμαι, κεῖνος δὲ τίσει τήνδε Hour ἄλλην δίκην. AQOHNA. Σὺ 0 οὔν, ἐπειδὴ τέρψις ἥδε 00 To δρᾷν, χρῶ χειρί· φείδου μηδέν ὦνπερ ἐννοεῖς. ΑΙΑΣ. Χορῶ προς ἔργον· τοῦτό σοι δ’ Epienan, τοιάνδ’ ἀεί μοι ξύμμαχον παρεστάναι. ΑΘΗΝΑ. Ὁρῷᾷς, Ὀδυσσεῦ, τὴν θεῶν ἰσχὺν, ὅση; τούτου τίς ἄν 008 τἀνδρὸς 7) προνούστερος, ἢ δρᾷν ἀμείνων εὑρέθη Ta καίρια; ΟΔΥΣΣΕΥΣ. Ἐγὼ μὲν οὐδέν’ old"" ἐποικτείρω δέ νιν ὕστῃνον £ ἄπας, καίπερ ὄντα Ousueun, ὁθούνεκ’ den ἑυγκατέζευκται κακῇ, οὐδὲν TO τούτου μᾶλλον ἢ τοὐμὸν σκοπῶν. ὁρῶ γὰρ ἡμᾶς οὐδὲν ὄντας ἄλλο πλὴν εἴδωλ’, ὅσοιπερ ζῶμεν, ἢ κούφην σκιάν. AOHNA. Τοιαῦτα τοίνυν εἰςορῶν, ὑπέρκοπον μηδέν ποτ’ εἴπῃς αὐτὸς eis θεοὺς ἔπος, und’ ὄγκον ἄρῃς μηδέν’, ei τινος πλέον ἢ χειρὶ βρίθεις ἢ μακροῦ πλούτου βάθει. ὡς ἡμέρα κλίνει TE κἀνάγει πάλιν ἅπαντα τἀνθρώπεια· τοὺς dd σώφρονας θεοὶ φιλοῦσι καὶ στυγοῦσι τοὺς κακούς.",ΑΙΑΣ.,ΑΙΑΣ.,"ΑΙΑΣ. Χαίρειν, Ἀθάνα, τἄλλ’ ἐγώ σ’ ἐφίεμαι, κεῖνος δὲ τίσει τήνδε κοὐκ ἄλλην δίκην. ΑΘΗΝΑ. Σὺ δ’ οὖν, ἐπειδὴ τέρψις ἥδε σοι τὸ δρᾷν, χρῶ χειρί· φείδου μηδὲν ὧνπερ ἐννοεῖς. ΑΙΑΣ. Χορῶ πρὸς ἔργον· τοῦτό σοι δ’ ἐφίεμαι, τοιάνδ’ ἀεί μοι ξύμμαχον παρεστάναι. ΑΘΗΝΑ. Ὁρᾷς, Ὀδυσσεῦ, τὴν θεῶν ἰσχὺν, ὅση ; τούτου τίς ἄν σοι τἀνδρὸς ἢ προνούστερος, ἢ δρᾷν ἀμείνων εὑρέθη τὰ καίρια ; ΟΔΥΣΣΕΥΣ. Ἐγὼ μὲν οὐδέν’ οἶδ’· ἐποικτείρω δέ νιν δύστηνον ἔμπας, καίπερ ὄντα δυςμενῆ, ὁθούνεκ’ ἄτῃ ξυγκατέζευκται κακῇ, οὐδὲν τὸ τούτου μᾶλλον ἢ τοὐμὸν σκοπῶν. ὁρῶ γὰρ ἡμᾶς οὐδὲν ὄντας ἄλλο πλὴν εἴδωλ’, ὅσοιπερ ζῶμεν, ἢ κούφην σκιάν. ΑΘΗΝΑ. Τοιαῦτα τοίνυν εἰςορῶν, ὑπέρκοπον μηδέν ποτ’ εἴπῃς αὐτὸς εἰς θεοὺς ἔπος, μηδ’ ὄγκον ἄρῃς μηδέν’, εἴ τινος πλέον ἢ χειρὶ βρίθεις ἢ μακροῦ πλούτου βάθει. ὡς ἡμέρα κλίνει τε κἀνάγει πάλιν ἅπαντα τἀνθρώπεια· τοὺς δὲ σώφρονας θεοὶ φιλοῦσι καὶ στυγοῦσι τοὺς κακούς.",No text,"“…there is neither a single or a small thing in the world, either to be known by the eye, or to be measured by the eye, and yet to be unknown to those who know the truth.”
“We see only a part of that truth of which the world can not see.”
“But, we who know the truth are the only ones that are truly alive.”
“For the one who sees all that is and cannot understand it, is lost.”

A Commentary on the Book of Enoch

This book is a part of the works","Text to be corrected:

It is said that there are many trees and mountains on the earth, but what the
nestor has is better. A goodly number of trees are of good fruit, but
this tree alone has a very good fruit, as has been said. The tree is
called the nestor. It is very large and very hard, and when it is cut
or broken it will be a thousand years before the pieces can be fitted together.
The trunk of it is hollow; the inside is filled with water, which is called
the fountain of all things.","segment. Do not write anything else than the corrected text.

TEXT TO CORRECT:
ATAZ.: Xaigew, Ἀθάνα, τἄλλ’ ἐγώ 0 ἐφίεμαι, κεῖνος δὲ τίσει τήνδε Hour ἄλλην δίκην. AQOHNA. Σὺ 0 οὔν, ἐπειδὴ τέρψις ἥδε 00 To δρᾷν, χρῶ χειρί· φείδου μηδέν ὦνπερ ἐννοεῖς. ΑΙΑΣ. Χορῶ προς ἔργον· τοῦτό σοι δ’ Epienan, τοιάνδ’ ἀεί μοι ξύμμαχον παρεστάναι. ΑΘΗΝΑ. Ὁρῷᾷς, Ὀδυσσεῦ, τὴν θεῶν ἰσχὺν, ὅση; τούτου τίς ἄν 008 τἀνδρὸς 7) προνούστερος, ἢ δρᾷν ἀμείνων εὑρέθη Ta καίρια; ΟΔΥΣΣΕΥΣ. Ἐγὼ μὲν οὐδέν’ old"" ἐποικτείρω δέ νιν ὕστῃνον £ ἄπας, καίπερ ὄντα Ousueun, ὁθούνεκ’ den ἑυγκατέζευκται κακῇ, οὐδὲν TO τούτου μᾶλλον ἢ τοὐμὸν σκοπῶν. ὁρῶ γὰρ ἡμᾶς οὐδὲν ὄντας ἄλλο πλὴν εἴδωλ’, ὅσοιπερ ζῶμεν, ἢ κούφην σκιάν. AOHNA. Τοιαῦτα τοίνυν εἰςορῶν, ὑπέρκοπον μηδέν ποτ’ εἴπῃς αὐτὸς eis θεοὺς ἔπος, und’ ὄγκον ἄρῃς μηδέν’, ei τινος πλέον ἢ χειρὶ βρίθεις ἢ μακροῦ πλούτου βάθει. ὡς ἁμαρτικὸν δέ τῷ σπιλίου. ΑΘΗΝΑ. ὁρῶ ἡμᾶς οὐδὲν πληρέθη χρήσις εἴδωλ λόγω αὐτῷ. TAῶ λευκὸς δὲ τὸν εἰςοριανᾶς οὐδὲν ὑπέρκοπον γῆν, καὶ ἀφίεσθαι πατέρεις μὲν τὸν πόλεμον τῶν τραχοῖαν τὸν πόλεμον καὶ τὸν πόλεμον δὲ σπαθών τοὺς θεοὺς τὸ εἰςοριανοὺς οὐδὲν κάλεσεν τῶν πόλεμων τῆς χώρας καὶ δύναταν τις δικές τοῦ εἰςορίας τοῦ πόλεμον πολλοὺς καὶ ἑκεῖ ἑαυτοῦ δυναμίαν ἐγώ. ΑΘΗΝΑ. Αυτῳ πεζον χαρτὰν τοῦτος, καὶ ἐπειδάτου πολυμανεί οὐδὲν δέ χειρὶ ἑαυτοῦ ἑαυτόν, πεθανώς συναλλαγεῖ καὶ εἰςδέ τερονόμον, ἀλλ᾽ δὲ τούτων καὶ πατέρων δεδομένων οὐδὲν δέ τερονόμον. ὁρῶ ἀπό τὸ κατάλληλον τῶν πόλεμων, τὸν κατάλληλον, ὁρῶ τῷ πειραίνδες ἑαυτόν, προηγούμεναν αὐτὰ καὶ ἑαυτόν. ΑΘΗΝΑ. τὸν κατάλληλον τῶν πόλεμων τέρχονται ὄρως, ἀρχὰς οὐδὲν πεζον τέρχονται παραδειγμένα. ΑΘΗΝΑ. Αυτὰ πεζον οὐδὲν πολυμανεί, τὰς πόλεμας ἀκριβώς, τὰς δὲ θεοῦ",OPT-6.7B,prompt_complex_02,prompt_complex_02,zero-shot,el,results-ajmc_primary_text-facebook-opt-6.7b.jsonl,885,1.0,0.002242152466367713,-0.9977578475336323,99-100%,0.2,0.002028397565922921,-0.9898580121703854,0-40%,0.8711864406779661,0.4419024683925346,-0.4927578670202424,80-99%,-0.82679124224142,Negative Improvement
18,bsb10234118,ajmc-primary-text,ΑΘΗΝΑ.,AQOHNA.,"ATAZ.: Xaigew, Ἀθάνα, τἄλλ’ ἐγώ 0 ἐφίεμαι, κεῖνος δὲ τίσει τήνδε Hour ἄλλην δίκην. AQOHNA. Σὺ 0 οὔν, ἐπειδὴ τέρψις ἥδε 00 To δρᾷν, χρῶ χειρί· φείδου μηδέν ὦνπερ ἐννοεῖς. ΑΙΑΣ. Χορῶ προς ἔργον· τοῦτό σοι δ’ Epienan, τοιάνδ’ ἀεί μοι ξύμμαχον παρεστάναι. ΑΘΗΝΑ. Ὁρῷᾷς, Ὀδυσσεῦ, τὴν θεῶν ἰσχὺν, ὅση; τούτου τίς ἄν 008 τἀνδρὸς 7) προνούστερος, ἢ δρᾷν ἀμείνων εὑρέθη Ta καίρια; ΟΔΥΣΣΕΥΣ. Ἐγὼ μὲν οὐδέν’ old"" ἐποικτείρω δέ νιν ὕστῃνον £ ἄπας, καίπερ ὄντα Ousueun, ὁθούνεκ’ den ἑυγκατέζευκται κακῇ, οὐδὲν TO τούτου μᾶλλον ἢ τοὐμὸν σκοπῶν. ὁρῶ γὰρ ἡμᾶς οὐδὲν ὄντας ἄλλο πλὴν εἴδωλ’, ὅσοιπερ ζῶμεν, ἢ κούφην σκιάν. AOHNA. Τοιαῦτα τοίνυν εἰςορῶν, ὑπέρκοπον μηδέν ποτ’ εἴπῃς αὐτὸς eis θεοὺς ἔπος, und’ ὄγκον ἄρῃς μηδέν’, ei τινος πλέον ἢ χειρὶ βρίθεις ἢ μακροῦ πλούτου βάθει. ὡς ἡμέρα κλίνει TE κἀνάγει πάλιν ἅπαντα τἀνθρώπεια· τοὺς dd σώφρονας θεοὶ φιλοῦσι καὶ στυγοῦσι τοὺς κακούς.",ΑΘΗΝΑ.,ΑΘΗΝΑ.,"ΑΙΑΣ. Χαίρειν, Ἀθάνα, τἄλλ’ ἐγώ σ’ ἐφίεμαι, κεῖνος δὲ τίσει τήνδε κοὐκ ἄλλην δίκην. ΑΘΗΝΑ. Σὺ δ’ οὖν, ἐπειδὴ τέρψις ἥδε σοι τὸ δρᾷν, χρῶ χειρί· φείδου μηδὲν ὧνπερ ἐννοεῖς. ΑΙΑΣ. Χορῶ πρὸς ἔργον· τοῦτό σοι δ’ ἐφίεμαι, τοιάνδ’ ἀεί μοι ξύμμαχον παρεστάναι. ΑΘΗΝΑ. Ὁρᾷς, Ὀδυσσεῦ, τὴν θεῶν ἰσχὺν, ὅση ; τούτου τίς ἄν σοι τἀνδρὸς ἢ προνούστερος, ἢ δρᾷν ἀμείνων εὑρέθη τὰ καίρια ; ΟΔΥΣΣΕΥΣ. Ἐγὼ μὲν οὐδέν’ οἶδ’· ἐποικτείρω δέ νιν δύστηνον ἔμπας, καίπερ ὄντα δυςμενῆ, ὁθούνεκ’ ἄτῃ ξυγκατέζευκται κακῇ, οὐδὲν τὸ τούτου μᾶλλον ἢ τοὐμὸν σκοπῶν. ὁρῶ γὰρ ἡμᾶς οὐδὲν ὄντας ἄλλο πλὴν εἴδωλ’, ὅσοιπερ ζῶμεν, ἢ κούφην σκιάν. ΑΘΗΝΑ. Τοιαῦτα τοίνυν εἰςορῶν, ὑπέρκοπον μηδέν ποτ’ εἴπῃς αὐτὸς εἰς θεοὺς ἔπος, μηδ’ ὄγκον ἄρῃς μηδέν’, εἴ τινος πλέον ἢ χειρὶ βρίθεις ἢ μακροῦ πλούτου βάθει. ὡς ἡμέρα κλίνει τε κἀνάγει πάλιν ἅπαντα τἀνθρώπεια· τοὺς δὲ σώφρονας θεοὶ φιλοῦσι καὶ στυγοῦσι τοὺς κακούς.",No text,"In the case of the word μετάνωμα
του ανθρώπου
οι μετανέστεροι
μετάνημα
ευαγγέλλωμα
του μετανέστερου
οι μετανέστερου
οι μετανέστερου
οι μετ","The following, from which the other is adapted, occurs in Plato's Symposium:

[Athanasius says:]

I will, as soon as the heat of summer abates, and I shall go up again into the mountains where I used to walk in my youth. And it will be, if I succeed in my purpose, and shall go to the mountain-top and look down upon the sea, as I used to do when I was young and had all the world before me and was able to go where I wished,--it will be when I see this I shall be the happiest of","segment. Do not write anything else than the corrected text.

TEXT TO CORRECT:
ATAZ.: Xaigew, Ἀθάνα, τἄλλ’ ἐγώ 0 ἐφίεμαι, κεῖνος δὲ τίσει τήνδε Hour ἄλλην δίκην. AQOHNA. Σὺ 0 οὔν, ἐπειδὴ τέρψις ἥδε 00 To δρᾷν, χρῶ χειρί· φείδου μηδέν ὦνπερ ἐννοεῖς. ΑΙΑΣ. Χορῶ προς ἔργον· τοῦτό σοι δ’ Epienan, τοιάνδ’ ἀεί μοι ξύμμαχον παρεστάναι. ΑΘΗΝΑ. Ὁρῷᾷς, Ὀδυσσεῦ, τὴν θεῶν ἰσχὺν, ὅση; τούτου τίς ἄν 008 τἀνδρὸς 7) προνούστερος, ἢ δρᾷν ἀμείνων εὑρέθη Ta καίρια; ΟΔΥΣΣΕΥΣ. Ἐγὼ μὲν οὐδέν’ old"" ἐποικτείρω δέ νιν ὕστῃνον £ ἄπας, καίπερ ὄντα Ousueun, ὁθούνεκ’ den ἑυγκατέζευκται κακῇ, οὐδὲν TO τούτου μᾶλλον ἢ τοὐμὸν σκοπῶν. ὁρῶ γὰρ ἡμᾶς οὐδὲν ὄντας ἄλλο πλὴν εἴδωλ’, ὅσοιπερ ζῶμεν, ἢ κούφην σκιάν. AOHNA. Τοιαῦτα τοίνυν εἰςορῶν, ὑπέρκοπον μηδέν ποτ’ εἴπῃς αὐτὸς eis θεοὺς ἔπος, und’ ὄγκον ἄρῃς μηδέν’, ei τινος πλέον ἢ χειρὶ βρίθεις ἢ μακροῦ πλούτου βάθει. ὡς ἁμαρτικὸν δέ τῷ σπιλίου. ΑΘΗΝΑ. ὁρῶ ἡμᾶς οὐδὲν πληρέθη χρήσις εἴδωλ λόγω αὐτῷ. TAῶ λευκὸς δὲ τὸν εἰςοριανᾶς οὐδὲν ὑπέρκοπον γῆν, καὶ ἀφίεσθαι πατέρεις μὲν τὸν πόλεμον τῶν τραχοῖαν τὸν πόλεμον καὶ τὸν πόλεμον δὲ σπαθών τοὺς θεοὺς τὸ εἰςοριανοὺς οὐδὲν κάλεσεν τῶν πόλεμων τῆς χώρας καὶ δύναταν τις δικές τοῦ εἰςορίας τοῦ πόλεμον πολλοὺς καὶ ἑκεῖ ἑαυτοῦ δυναμίαν ἐγώ. ΑΘΗΝΑ. Αυτῳ πεζον χαρτὰν τοῦτος, καὶ ἐπειδάτου πολυμανεί οὐδὲν δέ χειρὶ ἑαυτοῦ ἑαυτόν, πεθανώς συναλλαγεῖ καὶ εἰςδέ τερονόμον, ἀλλ᾽ δὲ τούτων καὶ πατέρων δεδομένων οὐδὲν δέ τερονόμον. ὁρῶ ἀπό τὸ κατάλληλον τῶν πόλεμων, τὸν κατάλληλον, ὁρῶ τῷ πειραίνδες ἑαυτόν, προηγούμεναν αὐτὰ καὶ ἑαυτόν. ΑΘΗΝΑ. τὸν κατάλληλον τῶν πόλεμων τέρχονται ὄρως, ἀρχὰς οὐδὲν πεζον τέρχονται παραδειγμένα. ΑΘΗΝΑ. Αυτὰ πεζον οὐδὲν πολυμανεί, τὰς πόλεμας ἀκριβώς, τὰς δὲ θεοῦ",OPT-6.7B,prompt_complex_02,prompt_complex_02,zero-shot,el,results-ajmc_primary_text-facebook-opt-6.7b.jsonl,885,1.0,0.0,-1.0,99-100%,0.14285714285714285,0.0020833333333333333,-0.9854166666666667,0-40%,0.8711864406779661,0.4419024683925346,-0.4927578670202424,80-99%,-0.8260581778956363,Negative Improvement
19,bsb10234118,ajmc-primary-text,ΑΙΑΣ.,ΑΙΑΣ.,"ATAZ.: Xaigew, Ἀθάνα, τἄλλ’ ἐγώ 0 ἐφίεμαι, κεῖνος δὲ τίσει τήνδε Hour ἄλλην δίκην. AQOHNA. Σὺ 0 οὔν, ἐπειδὴ τέρψις ἥδε 00 To δρᾷν, χρῶ χειρί· φείδου μηδέν ὦνπερ ἐννοεῖς. ΑΙΑΣ. Χορῶ προς ἔργον· τοῦτό σοι δ’ Epienan, τοιάνδ’ ἀεί μοι ξύμμαχον παρεστάναι. ΑΘΗΝΑ. Ὁρῷᾷς, Ὀδυσσεῦ, τὴν θεῶν ἰσχὺν, ὅση; τούτου τίς ἄν 008 τἀνδρὸς 7) προνούστερος, ἢ δρᾷν ἀμείνων εὑρέθη Ta καίρια; ΟΔΥΣΣΕΥΣ. Ἐγὼ μὲν οὐδέν’ old"" ἐποικτείρω δέ νιν ὕστῃνον £ ἄπας, καίπερ ὄντα Ousueun, ὁθούνεκ’ den ἑυγκατέζευκται κακῇ, οὐδὲν TO τούτου μᾶλλον ἢ τοὐμὸν σκοπῶν. ὁρῶ γὰρ ἡμᾶς οὐδὲν ὄντας ἄλλο πλὴν εἴδωλ’, ὅσοιπερ ζῶμεν, ἢ κούφην σκιάν. AOHNA. Τοιαῦτα τοίνυν εἰςορῶν, ὑπέρκοπον μηδέν ποτ’ εἴπῃς αὐτὸς eis θεοὺς ἔπος, und’ ὄγκον ἄρῃς μηδέν’, ei τινος πλέον ἢ χειρὶ βρίθεις ἢ μακροῦ πλούτου βάθει. ὡς ἡμέρα κλίνει TE κἀνάγει πάλιν ἅπαντα τἀνθρώπεια· τοὺς dd σώφρονας θεοὶ φιλοῦσι καὶ στυγοῦσι τοὺς κακούς.",ΑΙΑΣ.,ΑΙΑΣ.,"ΑΙΑΣ. Χαίρειν, Ἀθάνα, τἄλλ’ ἐγώ σ’ ἐφίεμαι, κεῖνος δὲ τίσει τήνδε κοὐκ ἄλλην δίκην. ΑΘΗΝΑ. Σὺ δ’ οὖν, ἐπειδὴ τέρψις ἥδε σοι τὸ δρᾷν, χρῶ χειρί· φείδου μηδὲν ὧνπερ ἐννοεῖς. ΑΙΑΣ. Χορῶ πρὸς ἔργον· τοῦτό σοι δ’ ἐφίεμαι, τοιάνδ’ ἀεί μοι ξύμμαχον παρεστάναι. ΑΘΗΝΑ. Ὁρᾷς, Ὀδυσσεῦ, τὴν θεῶν ἰσχὺν, ὅση ; τούτου τίς ἄν σοι τἀνδρὸς ἢ προνούστερος, ἢ δρᾷν ἀμείνων εὑρέθη τὰ καίρια ; ΟΔΥΣΣΕΥΣ. Ἐγὼ μὲν οὐδέν’ οἶδ’· ἐποικτείρω δέ νιν δύστηνον ἔμπας, καίπερ ὄντα δυςμενῆ, ὁθούνεκ’ ἄτῃ ξυγκατέζευκται κακῇ, οὐδὲν τὸ τούτου μᾶλλον ἢ τοὐμὸν σκοπῶν. ὁρῶ γὰρ ἡμᾶς οὐδὲν ὄντας ἄλλο πλὴν εἴδωλ’, ὅσοιπερ ζῶμεν, ἢ κούφην σκιάν. ΑΘΗΝΑ. Τοιαῦτα τοίνυν εἰςορῶν, ὑπέρκοπον μηδέν ποτ’ εἴπῃς αὐτὸς εἰς θεοὺς ἔπος, μηδ’ ὄγκον ἄρῃς μηδέν’, εἴ τινος πλέον ἢ χειρὶ βρίθεις ἢ μακροῦ πλούτου βάθει. ὡς ἡμέρα κλίνει τε κἀνάγει πάλιν ἅπαντα τἀνθρώπεια· τοὺς δὲ σώφρονας θεοὶ φιλοῦσι καὶ στυγοῦσι τοὺς κακούς.",No text,"“…there is neither a single or a small thing in the world, either to be known by the eye, or to be measured by the eye, and yet to be unknown to those who know the truth.”
“We see only a part of that truth of which the world can not see.”
“But, we who know the truth are the only ones that are truly alive.”
“For the one who sees all that is and cannot understand it, is lost.”

A Commentary on the Book of Enoch

This book is a part of the works","“…there is neither a single or a small thing in the world, either to be known by the eye, or to be measured by the eye, and yet to be unknown to those who know the truth.”
“We see only a part of that truth of which the world can not see.”
“But, we who know the truth are the only ones that are truly alive.”
“For the one who sees all that is and cannot understand it, is lost.”

A Commentary on the Book of Enoch

This book is a part of the works","segment. Do not write anything else than the corrected text.

TEXT TO CORRECT:
ATAZ.: Xaigew, Ἀθάνα, τἄλλ’ ἐγώ 0 ἐφίεμαι, κεῖνος δὲ τίσει τήνδε Hour ἄλλην δίκην. AQOHNA. Σὺ 0 οὔν, ἐπειδὴ τέρψις ἥδε 00 To δρᾷν, χρῶ χειρί· φείδου μηδέν ὦνπερ ἐννοεῖς. ΑΙΑΣ. Χορῶ προς ἔργον· τοῦτό σοι δ’ Epienan, τοιάνδ’ ἀεί μοι ξύμμαχον παρεστάναι. ΑΘΗΝΑ. Ὁρῷᾷς, Ὀδυσσεῦ, τὴν θεῶν ἰσχὺν, ὅση; τούτου τίς ἄν 008 τἀνδρὸς 7) προνούστερος, ἢ δρᾷν ἀμείνων εὑρέθη Ta καίρια; ΟΔΥΣΣΕΥΣ. Ἐγὼ μὲν οὐδέν’ old"" ἐποικτείρω δέ νιν ὕστῃνον £ ἄπας, καίπερ ὄντα Ousueun, ὁθούνεκ’ den ἑυγκατέζευκται κακῇ, οὐδὲν TO τούτου μᾶλλον ἢ τοὐμὸν σκοπῶν. ὁρῶ γὰρ ἡμᾶς οὐδὲν ὄντας ἄλλο πλὴν εἴδωλ’, ὅσοιπερ ζῶμεν, ἢ κούφην σκιάν. AOHNA. Τοιαῦτα τοίνυν εἰςορῶν, ὑπέρκοπον μηδέν ποτ’ εἴπῃς αὐτὸς eis θεοὺς ἔπος, und’ ὄγκον ἄρῃς μηδέν’, ei τινος πλέον ἢ χειρὶ βρίθεις ἢ μακροῦ πλούτου βάθει. ὡς ἁμαρτικὸν δέ τῷ σπιλίου. ΑΘΗΝΑ. ὁρῶ ἡμᾶς οὐδὲν πληρέθη χρήσις εἴδωλ λόγω αὐτῷ. TAῶ λευκὸς δὲ τὸν εἰςοριανᾶς οὐδὲν ὑπέρκοπον γῆν, καὶ ἀφίεσθαι πατέρεις μὲν τὸν πόλεμον τῶν τραχοῖαν τὸν πόλεμον καὶ τὸν πόλεμον δὲ σπαθών τοὺς θεοὺς τὸ εἰςοριανοὺς οὐδὲν κάλεσεν τῶν πόλεμων τῆς χώρας καὶ δύναταν τις δικές τοῦ εἰςορίας τοῦ πόλεμον πολλοὺς καὶ ἑκεῖ ἑαυτοῦ δυναμίαν ἐγώ. ΑΘΗΝΑ. Αυτῳ πεζον χαρτὰν τοῦτος, καὶ ἐπειδάτου πολυμανεί οὐδὲν δέ χειρὶ ἑαυτοῦ ἑαυτόν, πεθανώς συναλλαγεῖ καὶ εἰςδέ τερονόμον, ἀλλ᾽ δὲ τούτων καὶ πατέρων δεδομένων οὐδὲν δέ τερονόμον. ὁρῶ ἀπό τὸ κατάλληλον τῶν πόλεμων, τὸν κατάλληλον, ὁρῶ τῷ πειραίνδες ἑαυτόν, προηγούμεναν αὐτὰ καὶ ἑαυτόν. ΑΘΗΝΑ. τὸν κατάλληλον τῶν πόλεμων τέρχονται ὄρως, ἀρχὰς οὐδὲν πεζον τέρχονται παραδειγμένα. ΑΘΗΝΑ. Αυτὰ πεζον οὐδὲν πολυμανεί, τὰς πόλεμας ἀκριβώς, τὰς δὲ θεοῦ",OPT-6.7B,prompt_complex_02,prompt_complex_02,zero-shot,el,results-ajmc_primary_text-facebook-opt-6.7b.jsonl,885,1.0,0.002242152466367713,-0.9977578475336323,99-100%,1.0,0.002242152466367713,-0.9977578475336323,99-100%,0.8711864406779661,0.4419024683925346,-0.4927578670202424,80-99%,-0.8294245206958356,Negative Improvement
20,bsb10234118,ajmc-primary-text,ΑΘΗΝΑ.,ΑΘΗΝΑ.,"ATAZ.: Xaigew, Ἀθάνα, τἄλλ’ ἐγώ 0 ἐφίεμαι, κεῖνος δὲ τίσει τήνδε Hour ἄλλην δίκην. AQOHNA. Σὺ 0 οὔν, ἐπειδὴ τέρψις ἥδε 00 To δρᾷν, χρῶ χειρί· φείδου μηδέν ὦνπερ ἐννοεῖς. ΑΙΑΣ. Χορῶ προς ἔργον· τοῦτό σοι δ’ Epienan, τοιάνδ’ ἀεί μοι ξύμμαχον παρεστάναι. ΑΘΗΝΑ. Ὁρῷᾷς, Ὀδυσσεῦ, τὴν θεῶν ἰσχὺν, ὅση; τούτου τίς ἄν 008 τἀνδρὸς 7) προνούστερος, ἢ δρᾷν ἀμείνων εὑρέθη Ta καίρια; ΟΔΥΣΣΕΥΣ. Ἐγὼ μὲν οὐδέν’ old"" ἐποικτείρω δέ νιν ὕστῃνον £ ἄπας, καίπερ ὄντα Ousueun, ὁθούνεκ’ den ἑυγκατέζευκται κακῇ, οὐδὲν TO τούτου μᾶλλον ἢ τοὐμὸν σκοπῶν. ὁρῶ γὰρ ἡμᾶς οὐδὲν ὄντας ἄλλο πλὴν εἴδωλ’, ὅσοιπερ ζῶμεν, ἢ κούφην σκιάν. AOHNA. Τοιαῦτα τοίνυν εἰςορῶν, ὑπέρκοπον μηδέν ποτ’ εἴπῃς αὐτὸς eis θεοὺς ἔπος, und’ ὄγκον ἄρῃς μηδέν’, ei τινος πλέον ἢ χειρὶ βρίθεις ἢ μακροῦ πλούτου βάθει. ὡς ἡμέρα κλίνει TE κἀνάγει πάλιν ἅπαντα τἀνθρώπεια· τοὺς dd σώφρονας θεοὶ φιλοῦσι καὶ στυγοῦσι τοὺς κακούς.",ΑΘΗΝΑ.,ΑΘΗΝΑ.,"ΑΙΑΣ. Χαίρειν, Ἀθάνα, τἄλλ’ ἐγώ σ’ ἐφίεμαι, κεῖνος δὲ τίσει τήνδε κοὐκ ἄλλην δίκην. ΑΘΗΝΑ. Σὺ δ’ οὖν, ἐπειδὴ τέρψις ἥδε σοι τὸ δρᾷν, χρῶ χειρί· φείδου μηδὲν ὧνπερ ἐννοεῖς. ΑΙΑΣ. Χορῶ πρὸς ἔργον· τοῦτό σοι δ’ ἐφίεμαι, τοιάνδ’ ἀεί μοι ξύμμαχον παρεστάναι. ΑΘΗΝΑ. Ὁρᾷς, Ὀδυσσεῦ, τὴν θεῶν ἰσχὺν, ὅση ; τούτου τίς ἄν σοι τἀνδρὸς ἢ προνούστερος, ἢ δρᾷν ἀμείνων εὑρέθη τὰ καίρια ; ΟΔΥΣΣΕΥΣ. Ἐγὼ μὲν οὐδέν’ οἶδ’· ἐποικτείρω δέ νιν δύστηνον ἔμπας, καίπερ ὄντα δυςμενῆ, ὁθούνεκ’ ἄτῃ ξυγκατέζευκται κακῇ, οὐδὲν τὸ τούτου μᾶλλον ἢ τοὐμὸν σκοπῶν. ὁρῶ γὰρ ἡμᾶς οὐδὲν ὄντας ἄλλο πλὴν εἴδωλ’, ὅσοιπερ ζῶμεν, ἢ κούφην σκιάν. ΑΘΗΝΑ. Τοιαῦτα τοίνυν εἰςορῶν, ὑπέρκοπον μηδέν ποτ’ εἴπῃς αὐτὸς εἰς θεοὺς ἔπος, μηδ’ ὄγκον ἄρῃς μηδέν’, εἴ τινος πλέον ἢ χειρὶ βρίθεις ἢ μακροῦ πλούτου βάθει. ὡς ἡμέρα κλίνει τε κἀνάγει πάλιν ἅπαντα τἀνθρώπεια· τοὺς δὲ σώφρονας θεοὶ φιλοῦσι καὶ στυγοῦσι τοὺς κακούς.",No text,"In the case of the word μετάνωμα
του ανθρώπου
οι μετανέστεροι
μετάνημα
ευαγγέλλωμα
του μετανέστερου
οι μετανέστερου
οι μετανέστερου
οι μετ","In the case of the word μετάνωμα
του ανθρώπου
οι μετανέστεροι
μετάνημα
ευαγγέλλωμα
του μετανέστερου
οι μετανέστερου
οι μετανέστερου
οι μετ","segment. Do not write anything else than the corrected text.

TEXT TO CORRECT:
ATAZ.: Xaigew, Ἀθάνα, τἄλλ’ ἐγώ 0 ἐφίεμαι, κεῖνος δὲ τίσει τήνδε Hour ἄλλην δίκην. AQOHNA. Σὺ 0 οὔν, ἐπειδὴ τέρψις ἥδε 00 To δρᾷν, χρῶ χειρί· φείδου μηδέν ὦνπερ ἐννοεῖς. ΑΙΑΣ. Χορῶ προς ἔργον· τοῦτό σοι δ’ Epienan, τοιάνδ’ ἀεί μοι ξύμμαχον παρεστάναι. ΑΘΗΝΑ. Ὁρῷᾷς, Ὀδυσσεῦ, τὴν θεῶν ἰσχὺν, ὅση; τούτου τίς ἄν 008 τἀνδρὸς 7) προνούστερος, ἢ δρᾷν ἀμείνων εὑρέθη Ta καίρια; ΟΔΥΣΣΕΥΣ. Ἐγὼ μὲν οὐδέν’ old"" ἐποικτείρω δέ νιν ὕστῃνον £ ἄπας, καίπερ ὄντα Ousueun, ὁθούνεκ’ den ἑυγκατέζευκται κακῇ, οὐδὲν TO τούτου μᾶλλον ἢ τοὐμὸν σκοπῶν. ὁρῶ γὰρ ἡμᾶς οὐδὲν ὄντας ἄλλο πλὴν εἴδωλ’, ὅσοιπερ ζῶμεν, ἢ κούφην σκιάν. AOHNA. Τοιαῦτα τοίνυν εἰςορῶν, ὑπέρκοπον μηδέν ποτ’ εἴπῃς αὐτὸς eis θεοὺς ἔπος, und’ ὄγκον ἄρῃς μηδέν’, ei τινος πλέον ἢ χειρὶ βρίθεις ἢ μακροῦ πλούτου βάθει. ὡς ἁμαρτικὸν δέ τῷ σπιλίου. ΑΘΗΝΑ. ὁρῶ ἡμᾶς οὐδὲν πληρέθη χρήσις εἴδωλ λόγω αὐτῷ. TAῶ λευκὸς δὲ τὸν εἰςοριανᾶς οὐδὲν ὑπέρκοπον γῆν, καὶ ἀφίεσθαι πατέρεις μὲν τὸν πόλεμον τῶν τραχοῖαν τὸν πόλεμον καὶ τὸν πόλεμον δὲ σπαθών τοὺς θεοὺς τὸ εἰςοριανοὺς οὐδὲν κάλεσεν τῶν πόλεμων τῆς χώρας καὶ δύναταν τις δικές τοῦ εἰςορίας τοῦ πόλεμον πολλοὺς καὶ ἑκεῖ ἑαυτοῦ δυναμίαν ἐγώ. ΑΘΗΝΑ. Αυτῳ πεζον χαρτὰν τοῦτος, καὶ ἐπειδάτου πολυμανεί οὐδὲν δέ χειρὶ ἑαυτοῦ ἑαυτόν, πεθανώς συναλλαγεῖ καὶ εἰςδέ τερονόμον, ἀλλ᾽ δὲ τούτων καὶ πατέρων δεδομένων οὐδὲν δέ τερονόμον. ὁρῶ ἀπό τὸ κατάλληλον τῶν πόλεμων, τὸν κατάλληλον, ὁρῶ τῷ πειραίνδες ἑαυτόν, προηγούμεναν αὐτὰ καὶ ἑαυτόν. ΑΘΗΝΑ. τὸν κατάλληλον τῶν πόλεμων τέρχονται ὄρως, ἀρχὰς οὐδὲν πεζον τέρχονται παραδειγμένα. ΑΘΗΝΑ. Αυτὰ πεζον οὐδὲν πολυμανεί, τὰς πόλεμας ἀκριβώς, τὰς δὲ θεοῦ",OPT-6.7B,prompt_complex_02,prompt_complex_02,zero-shot,el,results-ajmc_primary_text-facebook-opt-6.7b.jsonl,885,1.0,0.0,-1.0,99-100%,1.0,0.0,-1.0,99-100%,0.8711864406779661,0.4419024683925346,-0.4927578670202424,80-99%,-0.8309192890067475,Negative Improvement
21,bsb10234118,ajmc-primary-text,ΑΘΗΝΑ.,AOHNA.,"ATAZ.: Xaigew, Ἀθάνα, τἄλλ’ ἐγώ 0 ἐφίεμαι, κεῖνος δὲ τίσει τήνδε Hour ἄλλην δίκην. AQOHNA. Σὺ 0 οὔν, ἐπειδὴ τέρψις ἥδε 00 To δρᾷν, χρῶ χειρί· φείδου μηδέν ὦνπερ ἐννοεῖς. ΑΙΑΣ. Χορῶ προς ἔργον· τοῦτό σοι δ’ Epienan, τοιάνδ’ ἀεί μοι ξύμμαχον παρεστάναι. ΑΘΗΝΑ. Ὁρῷᾷς, Ὀδυσσεῦ, τὴν θεῶν ἰσχὺν, ὅση; τούτου τίς ἄν 008 τἀνδρὸς 7) προνούστερος, ἢ δρᾷν ἀμείνων εὑρέθη Ta καίρια; ΟΔΥΣΣΕΥΣ. Ἐγὼ μὲν οὐδέν’ old"" ἐποικτείρω δέ νιν ὕστῃνον £ ἄπας, καίπερ ὄντα Ousueun, ὁθούνεκ’ den ἑυγκατέζευκται κακῇ, οὐδὲν TO τούτου μᾶλλον ἢ τοὐμὸν σκοπῶν. ὁρῶ γὰρ ἡμᾶς οὐδὲν ὄντας ἄλλο πλὴν εἴδωλ’, ὅσοιπερ ζῶμεν, ἢ κούφην σκιάν. AOHNA. Τοιαῦτα τοίνυν εἰςορῶν, ὑπέρκοπον μηδέν ποτ’ εἴπῃς αὐτὸς eis θεοὺς ἔπος, und’ ὄγκον ἄρῃς μηδέν’, ei τινος πλέον ἢ χειρὶ βρίθεις ἢ μακροῦ πλούτου βάθει. ὡς ἡμέρα κλίνει TE κἀνάγει πάλιν ἅπαντα τἀνθρώπεια· τοὺς dd σώφρονας θεοὶ φιλοῦσι καὶ στυγοῦσι τοὺς κακούς.",ΑΘΗΝΑ.,ΑΘΗΝΑ.,"ΑΙΑΣ. Χαίρειν, Ἀθάνα, τἄλλ’ ἐγώ σ’ ἐφίεμαι, κεῖνος δὲ τίσει τήνδε κοὐκ ἄλλην δίκην. ΑΘΗΝΑ. Σὺ δ’ οὖν, ἐπειδὴ τέρψις ἥδε σοι τὸ δρᾷν, χρῶ χειρί· φείδου μηδὲν ὧνπερ ἐννοεῖς. ΑΙΑΣ. Χορῶ πρὸς ἔργον· τοῦτό σοι δ’ ἐφίεμαι, τοιάνδ’ ἀεί μοι ξύμμαχον παρεστάναι. ΑΘΗΝΑ. Ὁρᾷς, Ὀδυσσεῦ, τὴν θεῶν ἰσχὺν, ὅση ; τούτου τίς ἄν σοι τἀνδρὸς ἢ προνούστερος, ἢ δρᾷν ἀμείνων εὑρέθη τὰ καίρια ; ΟΔΥΣΣΕΥΣ. Ἐγὼ μὲν οὐδέν’ οἶδ’· ἐποικτείρω δέ νιν δύστηνον ἔμπας, καίπερ ὄντα δυςμενῆ, ὁθούνεκ’ ἄτῃ ξυγκατέζευκται κακῇ, οὐδὲν τὸ τούτου μᾶλλον ἢ τοὐμὸν σκοπῶν. ὁρῶ γὰρ ἡμᾶς οὐδὲν ὄντας ἄλλο πλὴν εἴδωλ’, ὅσοιπερ ζῶμεν, ἢ κούφην σκιάν. ΑΘΗΝΑ. Τοιαῦτα τοίνυν εἰςορῶν, ὑπέρκοπον μηδέν ποτ’ εἴπῃς αὐτὸς εἰς θεοὺς ἔπος, μηδ’ ὄγκον ἄρῃς μηδέν’, εἴ τινος πλέον ἢ χειρὶ βρίθεις ἢ μακροῦ πλούτου βάθει. ὡς ἡμέρα κλίνει τε κἀνάγει πάλιν ἅπαντα τἀνθρώπεια· τοὺς δὲ σώφρονας θεοὶ φιλοῦσι καὶ στυγοῦσι τοὺς κακούς.","Please assist with reviewing and correcting errors in texts produced by automatic transcription (OCR) of historical documents. Your task is to carefully examine the following text and correct any mistakes introduced by the OCR software. The text to be corrected comes from a classical commentary and consists of the primary text only, in ancient Greek. The text to correct appears after the segment ""TEXT TO CORRECT"". Please place the corrected version of the text after the ""CORRECTED TEXT:"" segment. Do not write anything else than the corrected text.

TEXT TO CORRECT:
AOHNA.


CORRECTED TEXT:","In the case of the word μετάνωμα
του ανθρώπου
οι μετανέστεροι
μετάνημα
ευαγγέλλωμα
του μετανέστερου
οι μετανέστερου
οι μετανέστερου
οι μετ","This is the translation of the text by Kallimachos, the author of the ""Commentary on the Psalms"".

To Aohna the pious, Aohna the pious,

(The beginning of the third Book of the Psalms:)

Praise, O pure one, praise, O pure one,

(Let us read) the name of the Lord with all thy heart

and with all thy soul.

For this is thy portion in the land, O pure one,

and for this thy portion in the land;

for","segment. Do not write anything else than the corrected text.

TEXT TO CORRECT:
ATAZ.: Xaigew, Ἀθάνα, τἄλλ’ ἐγώ 0 ἐφίεμαι, κεῖνος δὲ τίσει τήνδε Hour ἄλλην δίκην. AQOHNA. Σὺ 0 οὔν, ἐπειδὴ τέρψις ἥδε 00 To δρᾷν, χρῶ χειρί· φείδου μηδέν ὦνπερ ἐννοεῖς. ΑΙΑΣ. Χορῶ προς ἔργον· τοῦτό σοι δ’ Epienan, τοιάνδ’ ἀεί μοι ξύμμαχον παρεστάναι. ΑΘΗΝΑ. Ὁρῷᾷς, Ὀδυσσεῦ, τὴν θεῶν ἰσχὺν, ὅση; τούτου τίς ἄν 008 τἀνδρὸς 7) προνούστερος, ἢ δρᾷν ἀμείνων εὑρέθη Ta καίρια; ΟΔΥΣΣΕΥΣ. Ἐγὼ μὲν οὐδέν’ old"" ἐποικτείρω δέ νιν ὕστῃνον £ ἄπας, καίπερ ὄντα Ousueun, ὁθούνεκ’ den ἑυγκατέζευκται κακῇ, οὐδὲν TO τούτου μᾶλλον ἢ τοὐμὸν σκοπῶν. ὁρῶ γὰρ ἡμᾶς οὐδὲν ὄντας ἄλλο πλὴν εἴδωλ’, ὅσοιπερ ζῶμεν, ἢ κούφην σκιάν. AOHNA. Τοιαῦτα τοίνυν εἰςορῶν, ὑπέρκοπον μηδέν ποτ’ εἴπῃς αὐτὸς eis θεοὺς ἔπος, und’ ὄγκον ἄρῃς μηδέν’, ei τινος πλέον ἢ χειρὶ βρίθεις ἢ μακροῦ πλούτου βάθει. ὡς ἁμαρτικὸν δέ τῷ σπιλίου. ΑΘΗΝΑ. ὁρῶ ἡμᾶς οὐδὲν πληρέθη χρήσις εἴδωλ λόγω αὐτῷ. TAῶ λευκὸς δὲ τὸν εἰςοριανᾶς οὐδὲν ὑπέρκοπον γῆν, καὶ ἀφίεσθαι πατέρεις μὲν τὸν πόλεμον τῶν τραχοῖαν τὸν πόλεμον καὶ τὸν πόλεμον δὲ σπαθών τοὺς θεοὺς τὸ εἰςοριανοὺς οὐδὲν κάλεσεν τῶν πόλεμων τῆς χώρας καὶ δύναταν τις δικές τοῦ εἰςορίας τοῦ πόλεμον πολλοὺς καὶ ἑκεῖ ἑαυτοῦ δυναμίαν ἐγώ. ΑΘΗΝΑ. Αυτῳ πεζον χαρτὰν τοῦτος, καὶ ἐπειδάτου πολυμανεί οὐδὲν δέ χειρὶ ἑαυτοῦ ἑαυτόν, πεθανώς συναλλαγεῖ καὶ εἰςδέ τερονόμον, ἀλλ᾽ δὲ τούτων καὶ πατέρων δεδομένων οὐδὲν δέ τερονόμον. ὁρῶ ἀπό τὸ κατάλληλον τῶν πόλεμων, τὸν κατάλληλον, ὁρῶ τῷ πειραίνδες ἑαυτόν, προηγούμεναν αὐτὰ καὶ ἑαυτόν. ΑΘΗΝΑ. τὸν κατάλληλον τῶν πόλεμων τέρχονται ὄρως, ἀρχὰς οὐδὲν πεζον τέρχονται παραδειγμένα. ΑΘΗΝΑ. Αυτὰ πεζον οὐδὲν πολυμανεί, τὰς πόλεμας ἀκριβώς, τὰς δὲ θεοῦ",OPT-6.7B,prompt_complex_02,prompt_complex_02,zero-shot,el,results-ajmc_primary_text-facebook-opt-6.7b.jsonl,885,1.0,0.0,-1.0,99-100%,0.16666666666666666,0.002506265664160401,-0.9849624060150376,0-40%,0.8711864406779661,0.4419024683925346,-0.4927578670202424,80-99%,-0.8259067576784266,Negative Improvement
22,bsb10234118,ajmc-primary-text,"χήραν παρ’ ἐχθροῖς, παῖδά τ’ ὀρφανὸν","κἀγὼ 700, ὃς Ta deis ἑκαρτέρουν τότε, βαφῇ σίδηρος ὥς, ἐθηλύνθην στόμα πρὸς τῆςδε τῆς γυναικός· οἰκτείρω δέ νιν χήραν παρ’ ἐχθροῖς, παῖδά τ’ ὀρφανὸν ἀλλ’ el πρός Te λουτρὰ καὶ παρακτίους λειμῶνας, ὡς dv λύμαθ’ ἀγνίσας ἐμὰ μῆνιν βαρεῖαν ἐξαλεύσωμαι θεᾶς· μολών Te, χῶρον ἔνθ’ dv ἀστιβῆ κίχω, κρύψω τόδ’ ἔγχος τοὐμὸν, ἔχθιστον βελῶν, γαίας ὀρύξας ἔνθα μή τις ὄψεται.","κἀγὼ 700, ὃς Ta deis ἑκαρτέρουν τότε, βαφῇ σίδηρος ὥς, ἐθηλύνθην στόμα πρὸς τῆςδε τῆς γυναικός· οἰκτείρω δέ νιν χήραν παρ’ ἐχθροῖς, παῖδά τ’ ὀρφανὸν ἀλλ’ el πρός Te λουτρὰ καὶ παρακτίους λειμῶνας, ὡς dv λύμαθ’ ἀγνίσας ἐμὰ μῆνιν βαρεῖαν ἐξαλεύσωμαι θεᾶς· μολών Te, χῶρον ἔνθ’ dv ἀστιβῆ κίχω, κρύψω τόδ’ ἔγχος τοὐμὸν, ἔχθιστον βελῶν, γαίας ὀρύξας ἔνθα μή τις ὄψεται. ἀλλ’ αὐτὸ νὐξ Ἅιδης Te σωζόντων κάτω. ἐγὼ γὰρ ἐξ οὗ χειρὶ τοῦτ’ ἐδεξάμην παρ’ Ἕκτορος δώρημα δυςμενεστάτου, οὔπώ τι κεδνὸν ἔσχον Ἀργείων πάρα. ἀλλ’ ἔστ’ ἀληθῆς ἡ βροτῶν παροιμία, ἐχθρῶν ἄδωρα δῶρα κοὐκ ὀνήσιμα. τοιγὰρ TO λοιπὸν εἰσόμεσθα μὲν θεοῖς εἴκειν, μαθησόμεσθα δ’ Ἀτρείδας σέβειν. ἄρχοντές εἰσιν, ὥςθ’ ὑπεικτέον· Ti un; καὶ γὰρ Ta δεινὰ nal Ta καρτερώτατα τιμαῖς ὑπείκει· τοῦτο μὲν νιφοστιβεῖς χειμῶνες ἐκχωροῦσιν εὐκάρπῳ θέρει· ἐξίσταται δὲ νυκτὸς αἰανῆς κύκλος τῇ λευκοπώλῳ φέγγος ἡμέρῳᾳ φλέγειν. δεινῶν τ’ ἄημα πνευμάτων ἐκοίμισε στένοντα πόντον· ἐν δ’ ὁ παγκρατὴς ὕπνος λύει πεδήσας οὐδ’ ἀεὶ λαβὼν ἔχει. ἡμεῖς δὲ πῶς οὐ γνωσόμεσθα σωφρονεῖν; ἐγὼ δ’, ἐπίσταμαι γὰρ ἀρτίως ὅτι ὅ τ’ ἐχθρὸς ἡμῖν ἐς τοσόνδ’ ἐχθαρτέος, ws καὶ φιλήσων αὖθις· ἔς Te τὸν φίλον τοσαῦθ’ ὑπουργῶν ὠφελεῖν βουλήσομαι,","χήραν παρ’ ἐχθροῖς, παῖδά τ’ ὀρφανὸν","κἀγὼ γὰρ, ὃς τὰ δείν’ ἐκαρτέρουν τότε, βαφῇ σίδηρος ὣς, ἐθηλύνθην στόμα πρὸς τῆςδε τῆς γυναικός· οἰκτείρω δέ νιν χήραν παρ’ ἐχθροῖς, παῖδά τ’ ὀρφανὸν ἀλλ’ εἶμι πρός τε λουτρὰ καὶ παρακτίους λειμῶνας, ὡς ἂν λύμαθ’ ἁγνίσας ἐμὰ μῆνιν βαρεῖαν ἐξαλεύσωμαι θεᾶς· μολών τε, χῶρον ἔνθ’ ἂν ἀστιβῆ κίχω, κρύψω τόδ’ ἔγχος τοὐμὸν, ἔχθιστον βελῶν, γαίας ὀρύξας ἔνθα μή τις ὄψεται.","κἀγὼ γὰρ, ὃς τὰ δείν’ ἐκαρτέρουν τότε, βαφῇ σίδηρος ὣς, ἐθηλύνθην στόμα πρὸς τῆςδε τῆς γυναικός· οἰκτείρω δέ νιν χήραν παρ’ ἐχθροῖς, παῖδά τ’ ὀρφανὸν ἀλλ’ εἶμι πρός τε λουτρὰ καὶ παρακτίους λειμῶνας, ὡς ἂν λύμαθ’ ἁγνίσας ἐμὰ μῆνιν βαρεῖαν ἐξαλεύσωμαι θεᾶς· μολών τε, χῶρον ἔνθ’ ἂν ἀστιβῆ κίχω, κρύψω τόδ’ ἔγχος τοὐμὸν, ἔχθιστον βελῶν, γαίας ὀρύξας ἔνθα μή τις ὄψεται. ἀλλ’ αὐτὸ νὺξ Ἅιδης τε σωζόντων κάτω. ἐγὼ γὰρ ἐξ οὖ χειρὶ τοῦτ’ ἐδεξάμην παρ’ Ἕκτορος δώρημα δυςμενεστάτου, οὔπώ τι κεδνὸν ἔσχον Ἀργείων πάρα. ἀλλ’ ἔστ’ ἀληθὴς ἡ βροτῶν παροιμία, ἐχθρῶν ἄδωρα δῶρα κοὐκ ὀνήσιμα. τοιγὰρ τὸ λοιπὸν εἰσόμεσθα μὲν θεοῖς εἴκειν, μαθησόμεσθα δ’ Ἀτρείδας σέβειν. ἄρχοντές εἰσιν, ὥςθ’ ὑπεικτέον· τί μή ; καὶ γὰρ τὰ δεινὰ καὶ τὰ καρτερώτατα τιμαῖς ὑπείκει· τοῦτο μὲν νιφοστιβεῖς χειμῶνες ἐκχωροῦσιν εὐκάρπῳ θέρει· ἐξίσταται δὲ νυκτὸς αἰανῆς κύκλος τῇ λευκοπώλῳ φέγγος ἡμέρᾳ φλέγειν. δεινῶν τ’ ἄημα πνευμάτων ἐκοίμισε στένοντα πόντον· ἐν δ’ ὁ παγκρατὴς ὕπνος λύει πεδήσας οὐδ’ ἀεὶ λαβὼν ἔχει. ἡμεῖς δὲ πῶς οὐ γνωσόμεσθα σωφρονεῖν ; ἐγὼ δ’, ἐπίσταμαι γὰρ ἀρτίως ὅτι ὅ τ’ ἐχθρὸς ἡμῖν ἐς τοσόνδ’ ἐχθαρτέος, ὡς καὶ φιλήσων αὖθις· ἔς τε τὸν φίλον τοσαῦθ’ ὑπουργῶν ὠφελεῖν βουλήσομαι,","Please assist with reviewing and correcting errors in texts produced by automatic transcription (OCR) of historical documents. Your task is to carefully examine the following text and correct any mistakes introduced by the OCR software. The text to be corrected comes from a classical commentary and consists of the primary text only, in ancient Greek. The text to correct appears after the segment ""TEXT TO CORRECT"". Please place the corrected version of the text after the ""CORRECTED TEXT:"" segment. Do not write anything else than the corrected text.

TEXT TO CORRECT:
κἀγὼ 700, ὃς Ta deis ἑκαρτέρουν τότε, βαφῇ σίδηρος ὥς, ἐθηλύνθην στόμα πρὸς τῆςδε τῆς γυναικός· οἰκτείρω δέ νιν χήραν παρ’ ἐχθροῖς, παῖδά τ’ ὀρφανὸν ἀλλ’ el πρός Te λουτρὰ καὶ παρακτίους λειμῶνας, ὡς dv λύμαθ’ ἀγνίσας ἐμὰ μῆνιν βαρεῖαν ἐξαλεύσωμαι θεᾶς· μολών Te, χῶρον ἔνθ’ dv ἀστιβῆ κίχω, κρύψω τόδ’ ἔγχος τοὐμὸν, ἔχθιστον βελῶν, γαίας ὀρύξας ἔνθα μή τις ὄψεται. ἀλλ’ αὐτὸ νὐξ Ἅιδης Te σωζόντων κάτω. ἐγὼ γὰρ ἐξ οὗ χειρὶ τοῦτ’ ἐδεξάμην παρ’ Ἕκτορος δώρημα δυςμενεστάτου, οὔπώ τι κεδνὸν ἔσχον Ἀργείων πάρα. ἀλλ’ ἔστ’ ἀληθῆς ἡ βροτῶν παροιμία, ἐχθρῶν ἄδωρα δῶρα κοὐκ ὀνήσιμα. τοιγὰρ TO λοιπὸν εἰσόμεσθα μὲν θεοῖς εἴκειν, μαθησόμεσθα δ’ Ἀτρείδας σέβειν. ἄρχοντές εἰσιν, ὥςθ’ ὑπεικτέον· Ti un; καὶ γὰρ Ta δεινὰ nal Ta καρτερώτατα τιμαῖς ὑπείκει· τοῦτο μὲν νιφοστιβεῖς χειμῶνες ἐκχωροῦσιν εὐκάρπῳ θέρει· ἐξίσταται δὲ νυκτὸς αἰανῆς κύκλος τῇ λευκοπώλῳ φέγγος ἡμέρῳᾳ φλέγειν. δεινῶν τ’ ἄημα πνευμάτων ἐκοίμισε στένοντα πόντον· ἐν δ’ ὁ παγκρατὴς ὕπνος λύει πεδήσας οὐδ’ ἀεὶ λαβὼν ἔχει. ἡμεῖς δὲ πῶς οὐ γνωσόμεσθα σωφρονεῖν; ἐγὼ δ’, ἐπίσταμαι γὰρ ἀρτίως ὅτι ὅ τ’ ἐχθρὸς ἡμῖν ἐς τοσόνδ’ ἐχθαρτέος, ws καὶ φιλήσων αὖθις· ἔς Te τὸν φίλον τοσαῦθ’ ὑπουργῶν ὠφελεῖν βουλήσομαι,


CORRECTED TEXT:","χήραν παρ’ ἐχθροῖς, παῖδά τ’ ὁρφανὸν

    [Text to be corrected. OCR software generated this translation from ancient manuscripts.]

References

See also
 List of New Testament Bible versions

External links
 The Holy Bible, in English: A Translation with the Apocrypha
 English Translation by Alexander Maclaren, 1794
 Online Bible at GospelHall.org (ESV, KJV, Darby, American Standard Version, Bible in Basic English)
Multiple bible versions at Bible Gateway (NKJV, NIV, NRSV etc.)</s>","The first part of this book consists of seven discourses of the Apostle, who, in a more solemn manner, exhorted the faithful to avoid the vices and corruptions, and especially to renounce sensual and animal pleasures, as the cause and occasion of sin.

And these are the causes of sin, when they are joined with a just judgement:

When men are unjust, they are subject to their vices, and the vices of the rest of the world.

When men are unjust, they are a disgrace to themselves, and to their race.

When men are unjust, they dishonour and disgrace God, and themselves.

When men are unjust, they are the cause and occasion of the sins of others.

When men are unjust, they become the subjects of the wrath of God.

When men are unjust, they bring the punishment of divine justice upon themselves.

When men are unjust, they bring the punishment of divine justice upon their children.

When men are unjust, they become objects of divine chastisement.

When men are unjust, they become objects of divine chastisement, on account of their sins, for a thousand years,

for a thousand years, for a thousand years, for a thousand years,

for a thousand years, for a thousand years.

The second part of this book consists of seven discourses of the Apostle, who, in a more solemn manner, exhorted the faithful to renounce the vices and corruptions, and especially to renounce sensual and animal pleasures, as the cause and occasion of sin.

And these are the causes of sin, when they are joined with a just judgement:

When men are unjust, they are subject to their vices, and the vices of the rest of the world.

When men are unjust, they are a disgrace to themselves, and to their race.

When men are unjust, they dishonour and disgrace God, and themselves.

When men are unjust, they are the cause and occasion of the sins of others.

When men are unjust, they become the subjects of the wrath of God.

When men are unjust, they bring the punishment of divine justice upon themselves.

When men are unjust, they bring the punishment of divine justice upon their children.

When men are unjust, they become objects of divine chastisement.

When men are unjust, they become objects of divine chastisement, on account of their sins, for a thousand years,

for a thousand years, for a thousand years, for a thousand years,

for a thousand years.

The third part of this book consists","segment. Do not write anything else than the corrected text.

TEXT TO CORRECT:
κἀγὼ 700, ὃς Ta deis ἑκαρτέρουν τότε, βαφῇ σίδηρος ὥς, ἐθηλύνθην στόμα πρὸς τῆςδε τῆς γυναικός· οἰκτείρω δέ νιν χήραν παρ’ ἐχθροῖς, παῖδά τ’ ὀρφανὸν ἀλλ’ el πρός Te λουτρὰ καὶ παρακτίους λειμῶνας, ὡς dv λύμαθ’ ἀγνίσας ἐμὰ μῆνιν βαρεῖαν ἐξαλεύσωμαι θεᾶς· μολών Te, χῶρον ἔνθ’ dv ἀστιβῆ κίχω, κρύψω τόδ’ ἔγχος τοὐμὸν, ἔχθιστον βελῶν, γαίας ὀρύξας ἔνθα μή τις ὄψεται. ἀλλ’ αὐτὸ νὐξ Ἅιδης Te σωζόντων κάτω. ἐγὼ γὰρ ἐξ οὗ χειρὶ τοῦτ’ ἐδεξάμην παρ’ Ἕκτορος δώρημα δυςμενεστάτου, οὔπώ τι κεδνὸν ἔσχον Ἀργείων πάρα. ἀλλ’ ἔστ’ ἀληθῆς ἡ βροτῶν παροιμία, ἐχθρῶν ἄδωρα δῶρα κοὐκ ὀνήσιμα. τοιγὰρ TO λοιπὸν εἰσόμεσθα μὲν θεοῖς εἴκειν, μαθησόμεσθα δ’ Ἀτρείδας σέβειν. ἄρχοντές εἰσιν, ὥςθ’ ὑπεικτέον· Ti un; καὶ γὰρ Ta δεινὰ nal Ta καρτερώτατα τιμαῖς ὑπείκει· τοῦτ’ πέμπας διαδίκην τιμαῖς· τοὐτά τῆςδε, μὲν τιμαῖς ἐν τῇ οὐκ προβαίνειν. Ὁ γυναικὰς τιμαῖς ἀνθρώπων πρός τέλειον τῆς γυναίκας· καὶ μητροποιησαν ἀνθρώποις· ἐπὶ τιμαῖς ὄστρεφε, Ὅμη γίνεται. εἶναι τις θείοις, ἐπὶ σάββαινον τινάιτα ἐπὶ σῶν, παρ’ ἕνα εἶναι τὸν προσωπον ἐπ’ ἑαυτοῦ καὶ τιμαῖς ἐστιν· ἔδωκαν ἕνα εἶναι τὸν καὶ σάββαινον τιμαῖς ἀξίαν· ἕνα εἶναι τὸ σάββαινον τιμαῖς καὶ προσφύγων· ἔδωκαν σάββαινον τιμαῖς γενοῦσι καὶ σωζομένων ἀξίαν· ἐπὶ τὸ διάνοια· πρὸς τὸν ὀρφανής· γένει περιοδιάζεσθαι τὸν καὶ τέλειον τῆςδε νιν ὁποίους· πρὸς τὸ διάνοια· ἐπὶ σάββαινον τιμαῖς δυστεροπαγίως καὶ τέλειον τῆςδε· ἀλλ’ πένθεσι δ’ ἄρχοντές ἔνθα χρυσοῦτος γιγαντὰς τὸν γαρ μητροποιησει· ἐπὶ οὐχ γένει, ὁποίος μὲν γενοῦσι περὶ τιμαῖς· ἐπὶ τὸ ὀρφανής· καὶ ὁποίος μὲν γενοῦσι περὶ τιμαῖς· ἀλλ’ ἄρχοντές εἰσάγασθαι καὶ τῆς σοφῆς· ἐκ γὰρ καὶ γένειται τὸ τοὐτοῦ· �",OPT-6.7B,prompt_complex_02,prompt_complex_02,zero-shot,el,results-ajmc_primary_text-facebook-opt-6.7b.jsonl,1172,1.0,0.07186858316221766,-0.9281314168377823,99-100%,0.9214092140921409,0.02943650126156434,-0.9680527383367139,80-99%,0.9505119453924915,0.5269461077844312,-0.44561863705264515,80-99%,-0.7806009307423804,Negative Improvement
23,bsb10234118,ajmc-primary-text,μῆνιν βαρεῖαν ἐξαλεύσωμαι θεᾶς·,"κἀγὼ 700, ὃς Ta deis ἑκαρτέρουν τότε, βαφῇ σίδηρος ὥς, ἐθηλύνθην στόμα πρὸς τῆςδε τῆς γυναικός· οἰκτείρω δέ νιν χήραν παρ’ ἐχθροῖς, παῖδά τ’ ὀρφανὸν ἀλλ’ el πρός Te λουτρὰ καὶ παρακτίους λειμῶνας, ὡς dv λύμαθ’ ἀγνίσας ἐμὰ μῆνιν βαρεῖαν ἐξαλεύσωμαι θεᾶς· μολών Te, χῶρον ἔνθ’ dv ἀστιβῆ κίχω, κρύψω τόδ’ ἔγχος τοὐμὸν, ἔχθιστον βελῶν, γαίας ὀρύξας ἔνθα μή τις ὄψεται.","κἀγὼ 700, ὃς Ta deis ἑκαρτέρουν τότε, βαφῇ σίδηρος ὥς, ἐθηλύνθην στόμα πρὸς τῆςδε τῆς γυναικός· οἰκτείρω δέ νιν χήραν παρ’ ἐχθροῖς, παῖδά τ’ ὀρφανὸν ἀλλ’ el πρός Te λουτρὰ καὶ παρακτίους λειμῶνας, ὡς dv λύμαθ’ ἀγνίσας ἐμὰ μῆνιν βαρεῖαν ἐξαλεύσωμαι θεᾶς· μολών Te, χῶρον ἔνθ’ dv ἀστιβῆ κίχω, κρύψω τόδ’ ἔγχος τοὐμὸν, ἔχθιστον βελῶν, γαίας ὀρύξας ἔνθα μή τις ὄψεται. ἀλλ’ αὐτὸ νὐξ Ἅιδης Te σωζόντων κάτω. ἐγὼ γὰρ ἐξ οὗ χειρὶ τοῦτ’ ἐδεξάμην παρ’ Ἕκτορος δώρημα δυςμενεστάτου, οὔπώ τι κεδνὸν ἔσχον Ἀργείων πάρα. ἀλλ’ ἔστ’ ἀληθῆς ἡ βροτῶν παροιμία, ἐχθρῶν ἄδωρα δῶρα κοὐκ ὀνήσιμα. τοιγὰρ TO λοιπὸν εἰσόμεσθα μὲν θεοῖς εἴκειν, μαθησόμεσθα δ’ Ἀτρείδας σέβειν. ἄρχοντές εἰσιν, ὥςθ’ ὑπεικτέον· Ti un; καὶ γὰρ Ta δεινὰ nal Ta καρτερώτατα τιμαῖς ὑπείκει· τοῦτο μὲν νιφοστιβεῖς χειμῶνες ἐκχωροῦσιν εὐκάρπῳ θέρει· ἐξίσταται δὲ νυκτὸς αἰανῆς κύκλος τῇ λευκοπώλῳ φέγγος ἡμέρῳᾳ φλέγειν. δεινῶν τ’ ἄημα πνευμάτων ἐκοίμισε στένοντα πόντον· ἐν δ’ ὁ παγκρατὴς ὕπνος λύει πεδήσας οὐδ’ ἀεὶ λαβὼν ἔχει. ἡμεῖς δὲ πῶς οὐ γνωσόμεσθα σωφρονεῖν; ἐγὼ δ’, ἐπίσταμαι γὰρ ἀρτίως ὅτι ὅ τ’ ἐχθρὸς ἡμῖν ἐς τοσόνδ’ ἐχθαρτέος, ws καὶ φιλήσων αὖθις· ἔς Te τὸν φίλον τοσαῦθ’ ὑπουργῶν ὠφελεῖν βουλήσομαι,",μῆνιν βαρεῖαν ἐξαλεύσωμαι θεᾶς·,"κἀγὼ γὰρ, ὃς τὰ δείν’ ἐκαρτέρουν τότε, βαφῇ σίδηρος ὣς, ἐθηλύνθην στόμα πρὸς τῆςδε τῆς γυναικός· οἰκτείρω δέ νιν χήραν παρ’ ἐχθροῖς, παῖδά τ’ ὀρφανὸν ἀλλ’ εἶμι πρός τε λουτρὰ καὶ παρακτίους λειμῶνας, ὡς ἂν λύμαθ’ ἁγνίσας ἐμὰ μῆνιν βαρεῖαν ἐξαλεύσωμαι θεᾶς· μολών τε, χῶρον ἔνθ’ ἂν ἀστιβῆ κίχω, κρύψω τόδ’ ἔγχος τοὐμὸν, ἔχθιστον βελῶν, γαίας ὀρύξας ἔνθα μή τις ὄψεται.","κἀγὼ γὰρ, ὃς τὰ δείν’ ἐκαρτέρουν τότε, βαφῇ σίδηρος ὣς, ἐθηλύνθην στόμα πρὸς τῆςδε τῆς γυναικός· οἰκτείρω δέ νιν χήραν παρ’ ἐχθροῖς, παῖδά τ’ ὀρφανὸν ἀλλ’ εἶμι πρός τε λουτρὰ καὶ παρακτίους λειμῶνας, ὡς ἂν λύμαθ’ ἁγνίσας ἐμὰ μῆνιν βαρεῖαν ἐξαλεύσωμαι θεᾶς· μολών τε, χῶρον ἔνθ’ ἂν ἀστιβῆ κίχω, κρύψω τόδ’ ἔγχος τοὐμὸν, ἔχθιστον βελῶν, γαίας ὀρύξας ἔνθα μή τις ὄψεται. ἀλλ’ αὐτὸ νὺξ Ἅιδης τε σωζόντων κάτω. ἐγὼ γὰρ ἐξ οὖ χειρὶ τοῦτ’ ἐδεξάμην παρ’ Ἕκτορος δώρημα δυςμενεστάτου, οὔπώ τι κεδνὸν ἔσχον Ἀργείων πάρα. ἀλλ’ ἔστ’ ἀληθὴς ἡ βροτῶν παροιμία, ἐχθρῶν ἄδωρα δῶρα κοὐκ ὀνήσιμα. τοιγὰρ τὸ λοιπὸν εἰσόμεσθα μὲν θεοῖς εἴκειν, μαθησόμεσθα δ’ Ἀτρείδας σέβειν. ἄρχοντές εἰσιν, ὥςθ’ ὑπεικτέον· τί μή ; καὶ γὰρ τὰ δεινὰ καὶ τὰ καρτερώτατα τιμαῖς ὑπείκει· τοῦτο μὲν νιφοστιβεῖς χειμῶνες ἐκχωροῦσιν εὐκάρπῳ θέρει· ἐξίσταται δὲ νυκτὸς αἰανῆς κύκλος τῇ λευκοπώλῳ φέγγος ἡμέρᾳ φλέγειν. δεινῶν τ’ ἄημα πνευμάτων ἐκοίμισε στένοντα πόντον· ἐν δ’ ὁ παγκρατὴς ὕπνος λύει πεδήσας οὐδ’ ἀεὶ λαβὼν ἔχει. ἡμεῖς δὲ πῶς οὐ γνωσόμεσθα σωφρονεῖν ; ἐγὼ δ’, ἐπίσταμαι γὰρ ἀρτίως ὅτι ὅ τ’ ἐχθρὸς ἡμῖν ἐς τοσόνδ’ ἐχθαρτέος, ὡς καὶ φιλήσων αὖθις· ἔς τε τὸν φίλον τοσαῦθ’ ὑπουργῶν ὠφελεῖν βουλήσομαι,","Please assist with reviewing and correcting errors in texts produced by automatic transcription (OCR) of historical documents. Your task is to carefully examine the following text and correct any mistakes introduced by the OCR software. The text to be corrected comes from a classical commentary and consists of the primary text only, in ancient Greek. The text to correct appears after the segment ""TEXT TO CORRECT"". Please place the corrected version of the text after the ""CORRECTED TEXT:"" segment. Do not write anything else than the corrected text.

TEXT TO CORRECT:
μῆνιν βαρεῖαν ἐξαλεύσωμαι θεᾶς·


CORRECTED TEXT:","μῆνιν βαρεῖαν ἐξαλεύσωμαι θεᾶς;

The translation of the correct version of the text is in the following paragraph.

The next portion of this commentary was translated by M.R.G. (Raphael George) Kedrenos, and is the translation of the translation.

It was at this time that it was decreed that the Macedonians should keep the name of the land in the present form. It was a decree which also included the names of the cities. For the Macedonians did not use the name of the cities which had been given to them in the past, but chose instead to","The first part of this book consists of seven discourses of the Apostle, who, in a more solemn manner, exhorted the faithful to avoid the vices and corruptions, and especially to renounce sensual and animal pleasures, as the cause and occasion of sin.

And these are the causes of sin, when they are joined with a just judgement:

When men are unjust, they are subject to their vices, and the vices of the rest of the world.

When men are unjust, they are a disgrace to themselves, and to their race.

When men are unjust, they dishonour and disgrace God, and themselves.

When men are unjust, they are the cause and occasion of the sins of others.

When men are unjust, they become the subjects of the wrath of God.

When men are unjust, they bring the punishment of divine justice upon themselves.

When men are unjust, they bring the punishment of divine justice upon their children.

When men are unjust, they become objects of divine chastisement.

When men are unjust, they become objects of divine chastisement, on account of their sins, for a thousand years,

for a thousand years, for a thousand years, for a thousand years,

for a thousand years, for a thousand years.

The second part of this book consists of seven discourses of the Apostle, who, in a more solemn manner, exhorted the faithful to renounce the vices and corruptions, and especially to renounce sensual and animal pleasures, as the cause and occasion of sin.

And these are the causes of sin, when they are joined with a just judgement:

When men are unjust, they are subject to their vices, and the vices of the rest of the world.

When men are unjust, they are a disgrace to themselves, and to their race.

When men are unjust, they dishonour and disgrace God, and themselves.

When men are unjust, they are the cause and occasion of the sins of others.

When men are unjust, they become the subjects of the wrath of God.

When men are unjust, they bring the punishment of divine justice upon themselves.

When men are unjust, they bring the punishment of divine justice upon their children.

When men are unjust, they become objects of divine chastisement.

When men are unjust, they become objects of divine chastisement, on account of their sins, for a thousand years,

for a thousand years, for a thousand years, for a thousand years,

for a thousand years.

The third part of this book consists","segment. Do not write anything else than the corrected text.

TEXT TO CORRECT:
κἀγὼ 700, ὃς Ta deis ἑκαρτέρουν τότε, βαφῇ σίδηρος ὥς, ἐθηλύνθην στόμα πρὸς τῆςδε τῆς γυναικός· οἰκτείρω δέ νιν χήραν παρ’ ἐχθροῖς, παῖδά τ’ ὀρφανὸν ἀλλ’ el πρός Te λουτρὰ καὶ παρακτίους λειμῶνας, ὡς dv λύμαθ’ ἀγνίσας ἐμὰ μῆνιν βαρεῖαν ἐξαλεύσωμαι θεᾶς· μολών Te, χῶρον ἔνθ’ dv ἀστιβῆ κίχω, κρύψω τόδ’ ἔγχος τοὐμὸν, ἔχθιστον βελῶν, γαίας ὀρύξας ἔνθα μή τις ὄψεται. ἀλλ’ αὐτὸ νὐξ Ἅιδης Te σωζόντων κάτω. ἐγὼ γὰρ ἐξ οὗ χειρὶ τοῦτ’ ἐδεξάμην παρ’ Ἕκτορος δώρημα δυςμενεστάτου, οὔπώ τι κεδνὸν ἔσχον Ἀργείων πάρα. ἀλλ’ ἔστ’ ἀληθῆς ἡ βροτῶν παροιμία, ἐχθρῶν ἄδωρα δῶρα κοὐκ ὀνήσιμα. τοιγὰρ TO λοιπὸν εἰσόμεσθα μὲν θεοῖς εἴκειν, μαθησόμεσθα δ’ Ἀτρείδας σέβειν. ἄρχοντές εἰσιν, ὥςθ’ ὑπεικτέον· Ti un; καὶ γὰρ Ta δεινὰ nal Ta καρτερώτατα τιμαῖς ὑπείκει· τοῦτ’ πέμπας διαδίκην τιμαῖς· τοὐτά τῆςδε, μὲν τιμαῖς ἐν τῇ οὐκ προβαίνειν. Ὁ γυναικὰς τιμαῖς ἀνθρώπων πρός τέλειον τῆς γυναίκας· καὶ μητροποιησαν ἀνθρώποις· ἐπὶ τιμαῖς ὄστρεφε, Ὅμη γίνεται. εἶναι τις θείοις, ἐπὶ σάββαινον τινάιτα ἐπὶ σῶν, παρ’ ἕνα εἶναι τὸν προσωπον ἐπ’ ἑαυτοῦ καὶ τιμαῖς ἐστιν· ἔδωκαν ἕνα εἶναι τὸν καὶ σάββαινον τιμαῖς ἀξίαν· ἕνα εἶναι τὸ σάββαινον τιμαῖς καὶ προσφύγων· ἔδωκαν σάββαινον τιμαῖς γενοῦσι καὶ σωζομένων ἀξίαν· ἐπὶ τὸ διάνοια· πρὸς τὸν ὀρφανής· γένει περιοδιάζεσθαι τὸν καὶ τέλειον τῆςδε νιν ὁποίους· πρὸς τὸ διάνοια· ἐπὶ σάββαινον τιμαῖς δυστεροπαγίως καὶ τέλειον τῆςδε· ἀλλ’ πένθεσι δ’ ἄρχοντές ἔνθα χρυσοῦτος γιγαντὰς τὸν γαρ μητροποιησει· ἐπὶ οὐχ γένει, ὁποίος μὲν γενοῦσι περὶ τιμαῖς· ἐπὶ τὸ ὀρφανής· καὶ ὁποίος μὲν γενοῦσι περὶ τιμαῖς· ἀλλ’ ἄρχοντές εἰσάγασθαι καὶ τῆς σοφῆς· ἐκ γὰρ καὶ γένειται τὸ τοὐτοῦ· �",OPT-6.7B,prompt_complex_02,prompt_complex_02,zero-shot,el,results-ajmc_primary_text-facebook-opt-6.7b.jsonl,1172,1.0,0.05545286506469501,-0.944547134935305,99-100%,0.9214092140921409,0.02943650126156434,-0.9680527383367139,80-99%,0.9505119453924915,0.5269461077844312,-0.44561863705264515,80-99%,-0.786072836774888,Negative Improvement
24,bsb10234118,ajmc-primary-text,γαίας ὀρύξας ἔνθα μή τις ὄψεται.,"κἀγὼ 700, ὃς Ta deis ἑκαρτέρουν τότε, βαφῇ σίδηρος ὥς, ἐθηλύνθην στόμα πρὸς τῆςδε τῆς γυναικός· οἰκτείρω δέ νιν χήραν παρ’ ἐχθροῖς, παῖδά τ’ ὀρφανὸν ἀλλ’ el πρός Te λουτρὰ καὶ παρακτίους λειμῶνας, ὡς dv λύμαθ’ ἀγνίσας ἐμὰ μῆνιν βαρεῖαν ἐξαλεύσωμαι θεᾶς· μολών Te, χῶρον ἔνθ’ dv ἀστιβῆ κίχω, κρύψω τόδ’ ἔγχος τοὐμὸν, ἔχθιστον βελῶν, γαίας ὀρύξας ἔνθα μή τις ὄψεται.","κἀγὼ 700, ὃς Ta deis ἑκαρτέρουν τότε, βαφῇ σίδηρος ὥς, ἐθηλύνθην στόμα πρὸς τῆςδε τῆς γυναικός· οἰκτείρω δέ νιν χήραν παρ’ ἐχθροῖς, παῖδά τ’ ὀρφανὸν ἀλλ’ el πρός Te λουτρὰ καὶ παρακτίους λειμῶνας, ὡς dv λύμαθ’ ἀγνίσας ἐμὰ μῆνιν βαρεῖαν ἐξαλεύσωμαι θεᾶς· μολών Te, χῶρον ἔνθ’ dv ἀστιβῆ κίχω, κρύψω τόδ’ ἔγχος τοὐμὸν, ἔχθιστον βελῶν, γαίας ὀρύξας ἔνθα μή τις ὄψεται. ἀλλ’ αὐτὸ νὐξ Ἅιδης Te σωζόντων κάτω. ἐγὼ γὰρ ἐξ οὗ χειρὶ τοῦτ’ ἐδεξάμην παρ’ Ἕκτορος δώρημα δυςμενεστάτου, οὔπώ τι κεδνὸν ἔσχον Ἀργείων πάρα. ἀλλ’ ἔστ’ ἀληθῆς ἡ βροτῶν παροιμία, ἐχθρῶν ἄδωρα δῶρα κοὐκ ὀνήσιμα. τοιγὰρ TO λοιπὸν εἰσόμεσθα μὲν θεοῖς εἴκειν, μαθησόμεσθα δ’ Ἀτρείδας σέβειν. ἄρχοντές εἰσιν, ὥςθ’ ὑπεικτέον· Ti un; καὶ γὰρ Ta δεινὰ nal Ta καρτερώτατα τιμαῖς ὑπείκει· τοῦτο μὲν νιφοστιβεῖς χειμῶνες ἐκχωροῦσιν εὐκάρπῳ θέρει· ἐξίσταται δὲ νυκτὸς αἰανῆς κύκλος τῇ λευκοπώλῳ φέγγος ἡμέρῳᾳ φλέγειν. δεινῶν τ’ ἄημα πνευμάτων ἐκοίμισε στένοντα πόντον· ἐν δ’ ὁ παγκρατὴς ὕπνος λύει πεδήσας οὐδ’ ἀεὶ λαβὼν ἔχει. ἡμεῖς δὲ πῶς οὐ γνωσόμεσθα σωφρονεῖν; ἐγὼ δ’, ἐπίσταμαι γὰρ ἀρτίως ὅτι ὅ τ’ ἐχθρὸς ἡμῖν ἐς τοσόνδ’ ἐχθαρτέος, ws καὶ φιλήσων αὖθις· ἔς Te τὸν φίλον τοσαῦθ’ ὑπουργῶν ὠφελεῖν βουλήσομαι,",γαίας ὀρύξας ἔνθα μή τις ὄψεται.,"κἀγὼ γὰρ, ὃς τὰ δείν’ ἐκαρτέρουν τότε, βαφῇ σίδηρος ὣς, ἐθηλύνθην στόμα πρὸς τῆςδε τῆς γυναικός· οἰκτείρω δέ νιν χήραν παρ’ ἐχθροῖς, παῖδά τ’ ὀρφανὸν ἀλλ’ εἶμι πρός τε λουτρὰ καὶ παρακτίους λειμῶνας, ὡς ἂν λύμαθ’ ἁγνίσας ἐμὰ μῆνιν βαρεῖαν ἐξαλεύσωμαι θεᾶς· μολών τε, χῶρον ἔνθ’ ἂν ἀστιβῆ κίχω, κρύψω τόδ’ ἔγχος τοὐμὸν, ἔχθιστον βελῶν, γαίας ὀρύξας ἔνθα μή τις ὄψεται.","κἀγὼ γὰρ, ὃς τὰ δείν’ ἐκαρτέρουν τότε, βαφῇ σίδηρος ὣς, ἐθηλύνθην στόμα πρὸς τῆςδε τῆς γυναικός· οἰκτείρω δέ νιν χήραν παρ’ ἐχθροῖς, παῖδά τ’ ὀρφανὸν ἀλλ’ εἶμι πρός τε λουτρὰ καὶ παρακτίους λειμῶνας, ὡς ἂν λύμαθ’ ἁγνίσας ἐμὰ μῆνιν βαρεῖαν ἐξαλεύσωμαι θεᾶς· μολών τε, χῶρον ἔνθ’ ἂν ἀστιβῆ κίχω, κρύψω τόδ’ ἔγχος τοὐμὸν, ἔχθιστον βελῶν, γαίας ὀρύξας ἔνθα μή τις ὄψεται. ἀλλ’ αὐτὸ νὺξ Ἅιδης τε σωζόντων κάτω. ἐγὼ γὰρ ἐξ οὖ χειρὶ τοῦτ’ ἐδεξάμην παρ’ Ἕκτορος δώρημα δυςμενεστάτου, οὔπώ τι κεδνὸν ἔσχον Ἀργείων πάρα. ἀλλ’ ἔστ’ ἀληθὴς ἡ βροτῶν παροιμία, ἐχθρῶν ἄδωρα δῶρα κοὐκ ὀνήσιμα. τοιγὰρ τὸ λοιπὸν εἰσόμεσθα μὲν θεοῖς εἴκειν, μαθησόμεσθα δ’ Ἀτρείδας σέβειν. ἄρχοντές εἰσιν, ὥςθ’ ὑπεικτέον· τί μή ; καὶ γὰρ τὰ δεινὰ καὶ τὰ καρτερώτατα τιμαῖς ὑπείκει· τοῦτο μὲν νιφοστιβεῖς χειμῶνες ἐκχωροῦσιν εὐκάρπῳ θέρει· ἐξίσταται δὲ νυκτὸς αἰανῆς κύκλος τῇ λευκοπώλῳ φέγγος ἡμέρᾳ φλέγειν. δεινῶν τ’ ἄημα πνευμάτων ἐκοίμισε στένοντα πόντον· ἐν δ’ ὁ παγκρατὴς ὕπνος λύει πεδήσας οὐδ’ ἀεὶ λαβὼν ἔχει. ἡμεῖς δὲ πῶς οὐ γνωσόμεσθα σωφρονεῖν ; ἐγὼ δ’, ἐπίσταμαι γὰρ ἀρτίως ὅτι ὅ τ’ ἐχθρὸς ἡμῖν ἐς τοσόνδ’ ἐχθαρτέος, ὡς καὶ φιλήσων αὖθις· ἔς τε τὸν φίλον τοσαῦθ’ ὑπουργῶν ὠφελεῖν βουλήσομαι,","Please assist with reviewing and correcting errors in texts produced by automatic transcription (OCR) of historical documents. Your task is to carefully examine the following text and correct any mistakes introduced by the OCR software. The text to be corrected comes from a classical commentary and consists of the primary text only, in ancient Greek. The text to correct appears after the segment ""TEXT TO CORRECT"". Please place the corrected version of the text after the ""CORRECTED TEXT:"" segment. Do not write anything else than the corrected text.

TEXT TO CORRECT:
γαίας ὀρύξας ἔνθα μή τις ὄψεται.


CORRECTED TEXT:","γαίας ὀρύξας ἔνθα μή τις ὄψεται.

The text comes from ""Zonaras, Comment. to Pind. Pythag. lib. 2. cap. 7.""

Text is shown in bold where necessary.

[Note: As the original text is lost it is not possible to add corrections in any other way. So, if you come across any errors (such as misspelled words) or think that some other information should be added, please do let us know.]

We use cookies to enhance your experience on our website. By using our website you consent to the use of cookies. For more information","The first part of this book consists of seven discourses of the Apostle, who, in a more solemn manner, exhorted the faithful to avoid the vices and corruptions, and especially to renounce sensual and animal pleasures, as the cause and occasion of sin.

And these are the causes of sin, when they are joined with a just judgement:

When men are unjust, they are subject to their vices, and the vices of the rest of the world.

When men are unjust, they are a disgrace to themselves, and to their race.

When men are unjust, they dishonour and disgrace God, and themselves.

When men are unjust, they are the cause and occasion of the sins of others.

When men are unjust, they become the subjects of the wrath of God.

When men are unjust, they bring the punishment of divine justice upon themselves.

When men are unjust, they bring the punishment of divine justice upon their children.

When men are unjust, they become objects of divine chastisement.

When men are unjust, they become objects of divine chastisement, on account of their sins, for a thousand years,

for a thousand years, for a thousand years, for a thousand years,

for a thousand years, for a thousand years.

The second part of this book consists of seven discourses of the Apostle, who, in a more solemn manner, exhorted the faithful to renounce the vices and corruptions, and especially to renounce sensual and animal pleasures, as the cause and occasion of sin.

And these are the causes of sin, when they are joined with a just judgement:

When men are unjust, they are subject to their vices, and the vices of the rest of the world.

When men are unjust, they are a disgrace to themselves, and to their race.

When men are unjust, they dishonour and disgrace God, and themselves.

When men are unjust, they are the cause and occasion of the sins of others.

When men are unjust, they become the subjects of the wrath of God.

When men are unjust, they bring the punishment of divine justice upon themselves.

When men are unjust, they bring the punishment of divine justice upon their children.

When men are unjust, they become objects of divine chastisement.

When men are unjust, they become objects of divine chastisement, on account of their sins, for a thousand years,

for a thousand years, for a thousand years, for a thousand years,

for a thousand years.

The third part of this book consists","segment. Do not write anything else than the corrected text.

TEXT TO CORRECT:
κἀγὼ 700, ὃς Ta deis ἑκαρτέρουν τότε, βαφῇ σίδηρος ὥς, ἐθηλύνθην στόμα πρὸς τῆςδε τῆς γυναικός· οἰκτείρω δέ νιν χήραν παρ’ ἐχθροῖς, παῖδά τ’ ὀρφανὸν ἀλλ’ el πρός Te λουτρὰ καὶ παρακτίους λειμῶνας, ὡς dv λύμαθ’ ἀγνίσας ἐμὰ μῆνιν βαρεῖαν ἐξαλεύσωμαι θεᾶς· μολών Te, χῶρον ἔνθ’ dv ἀστιβῆ κίχω, κρύψω τόδ’ ἔγχος τοὐμὸν, ἔχθιστον βελῶν, γαίας ὀρύξας ἔνθα μή τις ὄψεται. ἀλλ’ αὐτὸ νὐξ Ἅιδης Te σωζόντων κάτω. ἐγὼ γὰρ ἐξ οὗ χειρὶ τοῦτ’ ἐδεξάμην παρ’ Ἕκτορος δώρημα δυςμενεστάτου, οὔπώ τι κεδνὸν ἔσχον Ἀργείων πάρα. ἀλλ’ ἔστ’ ἀληθῆς ἡ βροτῶν παροιμία, ἐχθρῶν ἄδωρα δῶρα κοὐκ ὀνήσιμα. τοιγὰρ TO λοιπὸν εἰσόμεσθα μὲν θεοῖς εἴκειν, μαθησόμεσθα δ’ Ἀτρείδας σέβειν. ἄρχοντές εἰσιν, ὥςθ’ ὑπεικτέον· Ti un; καὶ γὰρ Ta δεινὰ nal Ta καρτερώτατα τιμαῖς ὑπείκει· τοῦτ’ πέμπας διαδίκην τιμαῖς· τοὐτά τῆςδε, μὲν τιμαῖς ἐν τῇ οὐκ προβαίνειν. Ὁ γυναικὰς τιμαῖς ἀνθρώπων πρός τέλειον τῆς γυναίκας· καὶ μητροποιησαν ἀνθρώποις· ἐπὶ τιμαῖς ὄστρεφε, Ὅμη γίνεται. εἶναι τις θείοις, ἐπὶ σάββαινον τινάιτα ἐπὶ σῶν, παρ’ ἕνα εἶναι τὸν προσωπον ἐπ’ ἑαυτοῦ καὶ τιμαῖς ἐστιν· ἔδωκαν ἕνα εἶναι τὸν καὶ σάββαινον τιμαῖς ἀξίαν· ἕνα εἶναι τὸ σάββαινον τιμαῖς καὶ προσφύγων· ἔδωκαν σάββαινον τιμαῖς γενοῦσι καὶ σωζομένων ἀξίαν· ἐπὶ τὸ διάνοια· πρὸς τὸν ὀρφανής· γένει περιοδιάζεσθαι τὸν καὶ τέλειον τῆςδε νιν ὁποίους· πρὸς τὸ διάνοια· ἐπὶ σάββαινον τιμαῖς δυστεροπαγίως καὶ τέλειον τῆςδε· ἀλλ’ πένθεσι δ’ ἄρχοντές ἔνθα χρυσοῦτος γιγαντὰς τὸν γαρ μητροποιησει· ἐπὶ οὐχ γένει, ὁποίος μὲν γενοῦσι περὶ τιμαῖς· ἐπὶ τὸ ὀρφανής· καὶ ὁποίος μὲν γενοῦσι περὶ τιμαῖς· ἀλλ’ ἄρχοντές εἰσάγασθαι καὶ τῆς σοφῆς· ἐκ γὰρ καὶ γένειται τὸ τοὐτοῦ· �",OPT-6.7B,prompt_complex_02,prompt_complex_02,zero-shot,el,results-ajmc_primary_text-facebook-opt-6.7b.jsonl,1172,1.0,0.0622568093385214,-0.9377431906614786,99-100%,0.9214092140921409,0.02943650126156434,-0.9680527383367139,80-99%,0.9505119453924915,0.5269461077844312,-0.44561863705264515,80-99%,-0.7838048553502791,Negative Improvement
25,bsb10234118,ajmc-primary-text,ἐχθρῶν ἄδωρα δῶρα κοὐκ ὀνήσιμα.,"ἀλλ’ ἔστ’ ἀληθῆς ἡ βροτῶν παροιμία, ἐχθρῶν ἄδωρα δῶρα κοὐκ ὀνήσιμα.","κἀγὼ 700, ὃς Ta deis ἑκαρτέρουν τότε, βαφῇ σίδηρος ὥς, ἐθηλύνθην στόμα πρὸς τῆςδε τῆς γυναικός· οἰκτείρω δέ νιν χήραν παρ’ ἐχθροῖς, παῖδά τ’ ὀρφανὸν ἀλλ’ el πρός Te λουτρὰ καὶ παρακτίους λειμῶνας, ὡς dv λύμαθ’ ἀγνίσας ἐμὰ μῆνιν βαρεῖαν ἐξαλεύσωμαι θεᾶς· μολών Te, χῶρον ἔνθ’ dv ἀστιβῆ κίχω, κρύψω τόδ’ ἔγχος τοὐμὸν, ἔχθιστον βελῶν, γαίας ὀρύξας ἔνθα μή τις ὄψεται. ἀλλ’ αὐτὸ νὐξ Ἅιδης Te σωζόντων κάτω. ἐγὼ γὰρ ἐξ οὗ χειρὶ τοῦτ’ ἐδεξάμην παρ’ Ἕκτορος δώρημα δυςμενεστάτου, οὔπώ τι κεδνὸν ἔσχον Ἀργείων πάρα. ἀλλ’ ἔστ’ ἀληθῆς ἡ βροτῶν παροιμία, ἐχθρῶν ἄδωρα δῶρα κοὐκ ὀνήσιμα. τοιγὰρ TO λοιπὸν εἰσόμεσθα μὲν θεοῖς εἴκειν, μαθησόμεσθα δ’ Ἀτρείδας σέβειν. ἄρχοντές εἰσιν, ὥςθ’ ὑπεικτέον· Ti un; καὶ γὰρ Ta δεινὰ nal Ta καρτερώτατα τιμαῖς ὑπείκει· τοῦτο μὲν νιφοστιβεῖς χειμῶνες ἐκχωροῦσιν εὐκάρπῳ θέρει· ἐξίσταται δὲ νυκτὸς αἰανῆς κύκλος τῇ λευκοπώλῳ φέγγος ἡμέρῳᾳ φλέγειν. δεινῶν τ’ ἄημα πνευμάτων ἐκοίμισε στένοντα πόντον· ἐν δ’ ὁ παγκρατὴς ὕπνος λύει πεδήσας οὐδ’ ἀεὶ λαβὼν ἔχει. ἡμεῖς δὲ πῶς οὐ γνωσόμεσθα σωφρονεῖν; ἐγὼ δ’, ἐπίσταμαι γὰρ ἀρτίως ὅτι ὅ τ’ ἐχθρὸς ἡμῖν ἐς τοσόνδ’ ἐχθαρτέος, ws καὶ φιλήσων αὖθις· ἔς Te τὸν φίλον τοσαῦθ’ ὑπουργῶν ὠφελεῖν βουλήσομαι,",ἐχθρῶν ἄδωρα δῶρα κοὐκ ὀνήσιμα.,"ἀλλ’ ἔστ’ ἀληθὴς ἡ βροτῶν παροιμία, ἐχθρῶν ἄδωρα δῶρα κοὐκ ὀνήσιμα.","κἀγὼ γὰρ, ὃς τὰ δείν’ ἐκαρτέρουν τότε, βαφῇ σίδηρος ὣς, ἐθηλύνθην στόμα πρὸς τῆςδε τῆς γυναικός· οἰκτείρω δέ νιν χήραν παρ’ ἐχθροῖς, παῖδά τ’ ὀρφανὸν ἀλλ’ εἶμι πρός τε λουτρὰ καὶ παρακτίους λειμῶνας, ὡς ἂν λύμαθ’ ἁγνίσας ἐμὰ μῆνιν βαρεῖαν ἐξαλεύσωμαι θεᾶς· μολών τε, χῶρον ἔνθ’ ἂν ἀστιβῆ κίχω, κρύψω τόδ’ ἔγχος τοὐμὸν, ἔχθιστον βελῶν, γαίας ὀρύξας ἔνθα μή τις ὄψεται. ἀλλ’ αὐτὸ νὺξ Ἅιδης τε σωζόντων κάτω. ἐγὼ γὰρ ἐξ οὖ χειρὶ τοῦτ’ ἐδεξάμην παρ’ Ἕκτορος δώρημα δυςμενεστάτου, οὔπώ τι κεδνὸν ἔσχον Ἀργείων πάρα. ἀλλ’ ἔστ’ ἀληθὴς ἡ βροτῶν παροιμία, ἐχθρῶν ἄδωρα δῶρα κοὐκ ὀνήσιμα. τοιγὰρ τὸ λοιπὸν εἰσόμεσθα μὲν θεοῖς εἴκειν, μαθησόμεσθα δ’ Ἀτρείδας σέβειν. ἄρχοντές εἰσιν, ὥςθ’ ὑπεικτέον· τί μή ; καὶ γὰρ τὰ δεινὰ καὶ τὰ καρτερώτατα τιμαῖς ὑπείκει· τοῦτο μὲν νιφοστιβεῖς χειμῶνες ἐκχωροῦσιν εὐκάρπῳ θέρει· ἐξίσταται δὲ νυκτὸς αἰανῆς κύκλος τῇ λευκοπώλῳ φέγγος ἡμέρᾳ φλέγειν. δεινῶν τ’ ἄημα πνευμάτων ἐκοίμισε στένοντα πόντον· ἐν δ’ ὁ παγκρατὴς ὕπνος λύει πεδήσας οὐδ’ ἀεὶ λαβὼν ἔχει. ἡμεῖς δὲ πῶς οὐ γνωσόμεσθα σωφρονεῖν ; ἐγὼ δ’, ἐπίσταμαι γὰρ ἀρτίως ὅτι ὅ τ’ ἐχθρὸς ἡμῖν ἐς τοσόνδ’ ἐχθαρτέος, ὡς καὶ φιλήσων αὖθις· ἔς τε τὸν φίλον τοσαῦθ’ ὑπουργῶν ὠφελεῖν βουλήσομαι,","Please assist with reviewing and correcting errors in texts produced by automatic transcription (OCR) of historical documents. Your task is to carefully examine the following text and correct any mistakes introduced by the OCR software. The text to be corrected comes from a classical commentary and consists of the primary text only, in ancient Greek. The text to correct appears after the segment ""TEXT TO CORRECT"". Please place the corrected version of the text after the ""CORRECTED TEXT:"" segment. Do not write anything else than the corrected text.

TEXT TO CORRECT:
ἀλλ’ ἔστ’ ἀληθῆς ἡ βροτῶν παροιμία, ἐχθρῶν ἄδωρα δῶρα κοὐκ ὀνήσιμα.


CORRECTED TEXT:","έἴσεις ἄδωρον δῶρα χθρούσθη μεσόμενος.

Please check your work and submit it to the web editor.

Please send your corrections to the web editor by using the email link at the end of this page.</s>","ἔστ’ ἀληθῆς ἡ βροτῶν παροιμία, ἐχθρῶν ἄδωρα δῶρα κοὐκ ὀνήσιμα.

Corrections of the text, including omissions and repetitions, can be made in the ""Edit"" area.

Note: This website offers free online access to many texts, primarily texts that have been scanned from the originals. Some texts are the original, unedited versions, as in this text, while others are the edited versions produced by modern scholars. However, the editorial staff of this site cannot vouch for the accuracy of any of these texts. We encourage you to carefully read the texts and use them as reference material.</s>","segment. Do not write anything else than the corrected text.

TEXT TO CORRECT:
κἀγὼ 700, ὃς Ta deis ἑκαρτέρουν τότε, βαφῇ σίδηρος ὥς, ἐθηλύνθην στόμα πρὸς τῆςδε τῆς γυναικός· οἰκτείρω δέ νιν χήραν παρ’ ἐχθροῖς, παῖδά τ’ ὀρφανὸν ἀλλ’ el πρός Te λουτρὰ καὶ παρακτίους λειμῶνας, ὡς dv λύμαθ’ ἀγνίσας ἐμὰ μῆνιν βαρεῖαν ἐξαλεύσωμαι θεᾶς· μολών Te, χῶρον ἔνθ’ dv ἀστιβῆ κίχω, κρύψω τόδ’ ἔγχος τοὐμὸν, ἔχθιστον βελῶν, γαίας ὀρύξας ἔνθα μή τις ὄψεται. ἀλλ’ αὐτὸ νὐξ Ἅιδης Te σωζόντων κάτω. ἐγὼ γὰρ ἐξ οὗ χειρὶ τοῦτ’ ἐδεξάμην παρ’ Ἕκτορος δώρημα δυςμενεστάτου, οὔπώ τι κεδνὸν ἔσχον Ἀργείων πάρα. ἀλλ’ ἔστ’ ἀληθῆς ἡ βροτῶν παροιμία, ἐχθρῶν ἄδωρα δῶρα κοὐκ ὀνήσιμα. τοιγὰρ TO λοιπὸν εἰσόμεσθα μὲν θεοῖς εἴκειν, μαθησόμεσθα δ’ Ἀτρείδας σέβειν. ἄρχοντές εἰσιν, ὥςθ’ ὑπεικτέον· Ti un; καὶ γὰρ Ta δεινὰ nal Ta καρτερώτατα τιμαῖς ὑπείκει· τοῦτ’ πέμπας διαδίκην τιμαῖς· τοὐτά τῆςδε, μὲν τιμαῖς ἐν τῇ οὐκ προβαίνειν. Ὁ γυναικὰς τιμαῖς ἀνθρώπων πρός τέλειον τῆς γυναίκας· καὶ μητροποιησαν ἀνθρώποις· ἐπὶ τιμαῖς ὄστρεφε, Ὅμη γίνεται. εἶναι τις θείοις, ἐπὶ σάββαινον τινάιτα ἐπὶ σῶν, παρ’ ἕνα εἶναι τὸν προσωπον ἐπ’ ἑαυτοῦ καὶ τιμαῖς ἐστιν· ἔδωκαν ἕνα εἶναι τὸν καὶ σάββαινον τιμαῖς ἀξίαν· ἕνα εἶναι τὸ σάββαινον τιμαῖς καὶ προσφύγων· ἔδωκαν σάββαινον τιμαῖς γενοῦσι καὶ σωζομένων ἀξίαν· ἐπὶ τὸ διάνοια· πρὸς τὸν ὀρφανής· γένει περιοδιάζεσθαι τὸν καὶ τέλειον τῆςδε νιν ὁποίους· πρὸς τὸ διάνοια· ἐπὶ σάββαινον τιμαῖς δυστεροπαγίως καὶ τέλειον τῆςδε· ἀλλ’ πένθεσι δ’ ἄρχοντές ἔνθα χρυσοῦτος γιγαντὰς τὸν γαρ μητροποιησει· ἐπὶ οὐχ γένει, ὁποίος μὲν γενοῦσι περὶ τιμαῖς· ἐπὶ τὸ ὀρφανής· καὶ ὁποίος μὲν γενοῦσι περὶ τιμαῖς· ἀλλ’ ἄρχοντές εἰσάγασθαι καὶ τῆς σοφῆς· ἐκ γὰρ καὶ γένειται τὸ τοὐτοῦ· �",OPT-6.7B,prompt_complex_02,prompt_complex_02,zero-shot,el,results-ajmc_primary_text-facebook-opt-6.7b.jsonl,1172,1.0,0.07653061224489796,-0.923469387755102,99-100%,0.9850746268656716,0.09523809523809523,-0.9033189033189033,80-99%,0.9505119453924915,0.5269461077844312,-0.44561863705264515,80-99%,-0.7574689760422167,Negative Improvement
26,bsb10234118,ajmc-primary-text,"εἴκειν, μαθησόμεσθα δ’ Ἀτρείδας σέβειν.","τοιγὰρ TO λοιπὸν εἰσόμεσθα μὲν θεοῖς εἴκειν, μαθησόμεσθα δ’ Ἀτρείδας σέβειν.","κἀγὼ 700, ὃς Ta deis ἑκαρτέρουν τότε, βαφῇ σίδηρος ὥς, ἐθηλύνθην στόμα πρὸς τῆςδε τῆς γυναικός· οἰκτείρω δέ νιν χήραν παρ’ ἐχθροῖς, παῖδά τ’ ὀρφανὸν ἀλλ’ el πρός Te λουτρὰ καὶ παρακτίους λειμῶνας, ὡς dv λύμαθ’ ἀγνίσας ἐμὰ μῆνιν βαρεῖαν ἐξαλεύσωμαι θεᾶς· μολών Te, χῶρον ἔνθ’ dv ἀστιβῆ κίχω, κρύψω τόδ’ ἔγχος τοὐμὸν, ἔχθιστον βελῶν, γαίας ὀρύξας ἔνθα μή τις ὄψεται. ἀλλ’ αὐτὸ νὐξ Ἅιδης Te σωζόντων κάτω. ἐγὼ γὰρ ἐξ οὗ χειρὶ τοῦτ’ ἐδεξάμην παρ’ Ἕκτορος δώρημα δυςμενεστάτου, οὔπώ τι κεδνὸν ἔσχον Ἀργείων πάρα. ἀλλ’ ἔστ’ ἀληθῆς ἡ βροτῶν παροιμία, ἐχθρῶν ἄδωρα δῶρα κοὐκ ὀνήσιμα. τοιγὰρ TO λοιπὸν εἰσόμεσθα μὲν θεοῖς εἴκειν, μαθησόμεσθα δ’ Ἀτρείδας σέβειν. ἄρχοντές εἰσιν, ὥςθ’ ὑπεικτέον· Ti un; καὶ γὰρ Ta δεινὰ nal Ta καρτερώτατα τιμαῖς ὑπείκει· τοῦτο μὲν νιφοστιβεῖς χειμῶνες ἐκχωροῦσιν εὐκάρπῳ θέρει· ἐξίσταται δὲ νυκτὸς αἰανῆς κύκλος τῇ λευκοπώλῳ φέγγος ἡμέρῳᾳ φλέγειν. δεινῶν τ’ ἄημα πνευμάτων ἐκοίμισε στένοντα πόντον· ἐν δ’ ὁ παγκρατὴς ὕπνος λύει πεδήσας οὐδ’ ἀεὶ λαβὼν ἔχει. ἡμεῖς δὲ πῶς οὐ γνωσόμεσθα σωφρονεῖν; ἐγὼ δ’, ἐπίσταμαι γὰρ ἀρτίως ὅτι ὅ τ’ ἐχθρὸς ἡμῖν ἐς τοσόνδ’ ἐχθαρτέος, ws καὶ φιλήσων αὖθις· ἔς Te τὸν φίλον τοσαῦθ’ ὑπουργῶν ὠφελεῖν βουλήσομαι,","εἴκειν, μαθησόμεσθα δ’ Ἀτρείδας σέβειν.","τοιγὰρ τὸ λοιπὸν εἰσόμεσθα μὲν θεοῖς εἴκειν, μαθησόμεσθα δ’ Ἀτρείδας σέβειν.","κἀγὼ γὰρ, ὃς τὰ δείν’ ἐκαρτέρουν τότε, βαφῇ σίδηρος ὣς, ἐθηλύνθην στόμα πρὸς τῆςδε τῆς γυναικός· οἰκτείρω δέ νιν χήραν παρ’ ἐχθροῖς, παῖδά τ’ ὀρφανὸν ἀλλ’ εἶμι πρός τε λουτρὰ καὶ παρακτίους λειμῶνας, ὡς ἂν λύμαθ’ ἁγνίσας ἐμὰ μῆνιν βαρεῖαν ἐξαλεύσωμαι θεᾶς· μολών τε, χῶρον ἔνθ’ ἂν ἀστιβῆ κίχω, κρύψω τόδ’ ἔγχος τοὐμὸν, ἔχθιστον βελῶν, γαίας ὀρύξας ἔνθα μή τις ὄψεται. ἀλλ’ αὐτὸ νὺξ Ἅιδης τε σωζόντων κάτω. ἐγὼ γὰρ ἐξ οὖ χειρὶ τοῦτ’ ἐδεξάμην παρ’ Ἕκτορος δώρημα δυςμενεστάτου, οὔπώ τι κεδνὸν ἔσχον Ἀργείων πάρα. ἀλλ’ ἔστ’ ἀληθὴς ἡ βροτῶν παροιμία, ἐχθρῶν ἄδωρα δῶρα κοὐκ ὀνήσιμα. τοιγὰρ τὸ λοιπὸν εἰσόμεσθα μὲν θεοῖς εἴκειν, μαθησόμεσθα δ’ Ἀτρείδας σέβειν. ἄρχοντές εἰσιν, ὥςθ’ ὑπεικτέον· τί μή ; καὶ γὰρ τὰ δεινὰ καὶ τὰ καρτερώτατα τιμαῖς ὑπείκει· τοῦτο μὲν νιφοστιβεῖς χειμῶνες ἐκχωροῦσιν εὐκάρπῳ θέρει· ἐξίσταται δὲ νυκτὸς αἰανῆς κύκλος τῇ λευκοπώλῳ φέγγος ἡμέρᾳ φλέγειν. δεινῶν τ’ ἄημα πνευμάτων ἐκοίμισε στένοντα πόντον· ἐν δ’ ὁ παγκρατὴς ὕπνος λύει πεδήσας οὐδ’ ἀεὶ λαβὼν ἔχει. ἡμεῖς δὲ πῶς οὐ γνωσόμεσθα σωφρονεῖν ; ἐγὼ δ’, ἐπίσταμαι γὰρ ἀρτίως ὅτι ὅ τ’ ἐχθρὸς ἡμῖν ἐς τοσόνδ’ ἐχθαρτέος, ὡς καὶ φιλήσων αὖθις· ἔς τε τὸν φίλον τοσαῦθ’ ὑπουργῶν ὠφελεῖν βουλήσομαι,","Please assist with reviewing and correcting errors in texts produced by automatic transcription (OCR) of historical documents. Your task is to carefully examine the following text and correct any mistakes introduced by the OCR software. The text to be corrected comes from a classical commentary and consists of the primary text only, in ancient Greek. The text to correct appears after the segment ""TEXT TO CORRECT"". Please place the corrected version of the text after the ""CORRECTED TEXT:"" segment. Do not write anything else than the corrected text.

TEXT TO CORRECT:
τοιγὰρ TO λοιπὸν εἰσόμεσθα μὲν θεοῖς εἴκειν, μαθησόμεσθα δ’ Ἀτρείδας σέβειν.


CORRECTED TEXT:",ὑμῖν δὲ σέβειν ὁ παιδαγγελέους δὲ ἑαυτοῦντο παιδεῖσθαι προβλέπω. ὥστε δὲ τὸ δικαιοῦντο εἰς τὸ ὁ μοναχὸν παιδεῖσθαι τὸ ἀντικοίαν διαβάζ,"θεοὶ σέβειν, τοιγὰρ ἤδη της ὁρπής, ὡς πάντων ἐξουσίας μετ’ αὐτῆς ἐπευθύνεσθα.

Please note:

- OCR does not recognize words in the original text such as ""λοιπὸν"", ""τοιγὰρ"", ""ἤδη"", ""μαθησόμεσθα"", etc.

- Do not write anything else than the text above.

- The text should be scanned using the highest quality of OCR software available.

- Do not send the corrected text. Send your corrections to:
This e","segment. Do not write anything else than the corrected text.

TEXT TO CORRECT:
κἀγὼ 700, ὃς Ta deis ἑκαρτέρουν τότε, βαφῇ σίδηρος ὥς, ἐθηλύνθην στόμα πρὸς τῆςδε τῆς γυναικός· οἰκτείρω δέ νιν χήραν παρ’ ἐχθροῖς, παῖδά τ’ ὀρφανὸν ἀλλ’ el πρός Te λουτρὰ καὶ παρακτίους λειμῶνας, ὡς dv λύμαθ’ ἀγνίσας ἐμὰ μῆνιν βαρεῖαν ἐξαλεύσωμαι θεᾶς· μολών Te, χῶρον ἔνθ’ dv ἀστιβῆ κίχω, κρύψω τόδ’ ἔγχος τοὐμὸν, ἔχθιστον βελῶν, γαίας ὀρύξας ἔνθα μή τις ὄψεται. ἀλλ’ αὐτὸ νὐξ Ἅιδης Te σωζόντων κάτω. ἐγὼ γὰρ ἐξ οὗ χειρὶ τοῦτ’ ἐδεξάμην παρ’ Ἕκτορος δώρημα δυςμενεστάτου, οὔπώ τι κεδνὸν ἔσχον Ἀργείων πάρα. ἀλλ’ ἔστ’ ἀληθῆς ἡ βροτῶν παροιμία, ἐχθρῶν ἄδωρα δῶρα κοὐκ ὀνήσιμα. τοιγὰρ TO λοιπὸν εἰσόμεσθα μὲν θεοῖς εἴκειν, μαθησόμεσθα δ’ Ἀτρείδας σέβειν. ἄρχοντές εἰσιν, ὥςθ’ ὑπεικτέον· Ti un; καὶ γὰρ Ta δεινὰ nal Ta καρτερώτατα τιμαῖς ὑπείκει· τοῦτ’ πέμπας διαδίκην τιμαῖς· τοὐτά τῆςδε, μὲν τιμαῖς ἐν τῇ οὐκ προβαίνειν. Ὁ γυναικὰς τιμαῖς ἀνθρώπων πρός τέλειον τῆς γυναίκας· καὶ μητροποιησαν ἀνθρώποις· ἐπὶ τιμαῖς ὄστρεφε, Ὅμη γίνεται. εἶναι τις θείοις, ἐπὶ σάββαινον τινάιτα ἐπὶ σῶν, παρ’ ἕνα εἶναι τὸν προσωπον ἐπ’ ἑαυτοῦ καὶ τιμαῖς ἐστιν· ἔδωκαν ἕνα εἶναι τὸν καὶ σάββαινον τιμαῖς ἀξίαν· ἕνα εἶναι τὸ σάββαινον τιμαῖς καὶ προσφύγων· ἔδωκαν σάββαινον τιμαῖς γενοῦσι καὶ σωζομένων ἀξίαν· ἐπὶ τὸ διάνοια· πρὸς τὸν ὀρφανής· γένει περιοδιάζεσθαι τὸν καὶ τέλειον τῆςδε νιν ὁποίους· πρὸς τὸ διάνοια· ἐπὶ σάββαινον τιμαῖς δυστεροπαγίως καὶ τέλειον τῆςδε· ἀλλ’ πένθεσι δ’ ἄρχοντές ἔνθα χρυσοῦτος γιγαντὰς τὸν γαρ μητροποιησει· ἐπὶ οὐχ γένει, ὁποίος μὲν γενοῦσι περὶ τιμαῖς· ἐπὶ τὸ ὀρφανής· καὶ ὁποίος μὲν γενοῦσι περὶ τιμαῖς· ἀλλ’ ἄρχοντές εἰσάγασθαι καὶ τῆς σοφῆς· ἐκ γὰρ καὶ γένειται τὸ τοὐτοῦ· �",OPT-6.7B,prompt_complex_02,prompt_complex_02,zero-shot,el,results-ajmc_primary_text-facebook-opt-6.7b.jsonl,1172,1.0,0.1417910447761194,-0.8582089552238806,99-100%,0.9736842105263158,0.09975062344139651,-0.8975534137628901,80-99%,0.9505119453924915,0.5269461077844312,-0.44561863705264515,80-99%,-0.7337936686798052,Negative Improvement
27,bsb10234118,ajmc-primary-text,τιμαῖς ὑπείκει· τοῦτο μὲν νιφοστιβεῖς,"ἄρχοντές εἰσιν, ὥςθ’ ὑπεικτέον· Ti un; καὶ γὰρ Ta δεινὰ nal Ta καρτερώτατα τιμαῖς ὑπείκει· τοῦτο μὲν νιφοστιβεῖς χειμῶνες ἐκχωροῦσιν εὐκάρπῳ θέρει· ἐξίσταται δὲ νυκτὸς αἰανῆς κύκλος τῇ λευκοπώλῳ φέγγος ἡμέρῳᾳ φλέγειν.","κἀγὼ 700, ὃς Ta deis ἑκαρτέρουν τότε, βαφῇ σίδηρος ὥς, ἐθηλύνθην στόμα πρὸς τῆςδε τῆς γυναικός· οἰκτείρω δέ νιν χήραν παρ’ ἐχθροῖς, παῖδά τ’ ὀρφανὸν ἀλλ’ el πρός Te λουτρὰ καὶ παρακτίους λειμῶνας, ὡς dv λύμαθ’ ἀγνίσας ἐμὰ μῆνιν βαρεῖαν ἐξαλεύσωμαι θεᾶς· μολών Te, χῶρον ἔνθ’ dv ἀστιβῆ κίχω, κρύψω τόδ’ ἔγχος τοὐμὸν, ἔχθιστον βελῶν, γαίας ὀρύξας ἔνθα μή τις ὄψεται. ἀλλ’ αὐτὸ νὐξ Ἅιδης Te σωζόντων κάτω. ἐγὼ γὰρ ἐξ οὗ χειρὶ τοῦτ’ ἐδεξάμην παρ’ Ἕκτορος δώρημα δυςμενεστάτου, οὔπώ τι κεδνὸν ἔσχον Ἀργείων πάρα. ἀλλ’ ἔστ’ ἀληθῆς ἡ βροτῶν παροιμία, ἐχθρῶν ἄδωρα δῶρα κοὐκ ὀνήσιμα. τοιγὰρ TO λοιπὸν εἰσόμεσθα μὲν θεοῖς εἴκειν, μαθησόμεσθα δ’ Ἀτρείδας σέβειν. ἄρχοντές εἰσιν, ὥςθ’ ὑπεικτέον· Ti un; καὶ γὰρ Ta δεινὰ nal Ta καρτερώτατα τιμαῖς ὑπείκει· τοῦτο μὲν νιφοστιβεῖς χειμῶνες ἐκχωροῦσιν εὐκάρπῳ θέρει· ἐξίσταται δὲ νυκτὸς αἰανῆς κύκλος τῇ λευκοπώλῳ φέγγος ἡμέρῳᾳ φλέγειν. δεινῶν τ’ ἄημα πνευμάτων ἐκοίμισε στένοντα πόντον· ἐν δ’ ὁ παγκρατὴς ὕπνος λύει πεδήσας οὐδ’ ἀεὶ λαβὼν ἔχει. ἡμεῖς δὲ πῶς οὐ γνωσόμεσθα σωφρονεῖν; ἐγὼ δ’, ἐπίσταμαι γὰρ ἀρτίως ὅτι ὅ τ’ ἐχθρὸς ἡμῖν ἐς τοσόνδ’ ἐχθαρτέος, ws καὶ φιλήσων αὖθις· ἔς Te τὸν φίλον τοσαῦθ’ ὑπουργῶν ὠφελεῖν βουλήσομαι,",τιμαῖς ὑπείκει· τοῦτο μὲν νιφοστιβεῖς,"ἄρχοντές εἰσιν, ὥςθ’ ὑπεικτέον· τί μή ; καὶ γὰρ τὰ δεινὰ καὶ τὰ καρτερώτατα τιμαῖς ὑπείκει· τοῦτο μὲν νιφοστιβεῖς χειμῶνες ἐκχωροῦσιν εὐκάρπῳ θέρει· ἐξίσταται δὲ νυκτὸς αἰανῆς κύκλος τῇ λευκοπώλῳ φέγγος ἡμέρᾳ φλέγειν.","κἀγὼ γὰρ, ὃς τὰ δείν’ ἐκαρτέρουν τότε, βαφῇ σίδηρος ὣς, ἐθηλύνθην στόμα πρὸς τῆςδε τῆς γυναικός· οἰκτείρω δέ νιν χήραν παρ’ ἐχθροῖς, παῖδά τ’ ὀρφανὸν ἀλλ’ εἶμι πρός τε λουτρὰ καὶ παρακτίους λειμῶνας, ὡς ἂν λύμαθ’ ἁγνίσας ἐμὰ μῆνιν βαρεῖαν ἐξαλεύσωμαι θεᾶς· μολών τε, χῶρον ἔνθ’ ἂν ἀστιβῆ κίχω, κρύψω τόδ’ ἔγχος τοὐμὸν, ἔχθιστον βελῶν, γαίας ὀρύξας ἔνθα μή τις ὄψεται. ἀλλ’ αὐτὸ νὺξ Ἅιδης τε σωζόντων κάτω. ἐγὼ γὰρ ἐξ οὖ χειρὶ τοῦτ’ ἐδεξάμην παρ’ Ἕκτορος δώρημα δυςμενεστάτου, οὔπώ τι κεδνὸν ἔσχον Ἀργείων πάρα. ἀλλ’ ἔστ’ ἀληθὴς ἡ βροτῶν παροιμία, ἐχθρῶν ἄδωρα δῶρα κοὐκ ὀνήσιμα. τοιγὰρ τὸ λοιπὸν εἰσόμεσθα μὲν θεοῖς εἴκειν, μαθησόμεσθα δ’ Ἀτρείδας σέβειν. ἄρχοντές εἰσιν, ὥςθ’ ὑπεικτέον· τί μή ; καὶ γὰρ τὰ δεινὰ καὶ τὰ καρτερώτατα τιμαῖς ὑπείκει· τοῦτο μὲν νιφοστιβεῖς χειμῶνες ἐκχωροῦσιν εὐκάρπῳ θέρει· ἐξίσταται δὲ νυκτὸς αἰανῆς κύκλος τῇ λευκοπώλῳ φέγγος ἡμέρᾳ φλέγειν. δεινῶν τ’ ἄημα πνευμάτων ἐκοίμισε στένοντα πόντον· ἐν δ’ ὁ παγκρατὴς ὕπνος λύει πεδήσας οὐδ’ ἀεὶ λαβὼν ἔχει. ἡμεῖς δὲ πῶς οὐ γνωσόμεσθα σωφρονεῖν ; ἐγὼ δ’, ἐπίσταμαι γὰρ ἀρτίως ὅτι ὅ τ’ ἐχθρὸς ἡμῖν ἐς τοσόνδ’ ἐχθαρτέος, ὡς καὶ φιλήσων αὖθις· ἔς τε τὸν φίλον τοσαῦθ’ ὑπουργῶν ὠφελεῖν βουλήσομαι,","Please assist with reviewing and correcting errors in texts produced by automatic transcription (OCR) of historical documents. Your task is to carefully examine the following text and correct any mistakes introduced by the OCR software. The text to be corrected comes from a classical commentary and consists of the primary text only, in ancient Greek. The text to correct appears after the segment ""TEXT TO CORRECT"". Please place the corrected version of the text after the ""CORRECTED TEXT:"" segment. Do not write anything else than the corrected text.

TEXT TO CORRECT:
ἄρχοντές εἰσιν, ὥςθ’ ὑπεικτέον· Ti un; καὶ γὰρ Ta δεινὰ nal Ta καρτερώτατα τιμαῖς ὑπείκει· τοῦτο μὲν νιφοστιβεῖς χειμῶνες ἐκχωροῦσιν εὐκάρπῳ θέρει· ἐξίσταται δὲ νυκτὸς αἰανῆς κύκλος τῇ λευκοπώλῳ φέγγος ἡμέρῳᾳ φλέγειν.


CORRECTED TEXT:","τιμαῖς ὑπείκει· τοῦτο μὲν νιφοστιβεῖς

 (Text not corrected)

TEXT TO CORRECT:
αἱ πυκνηρὸν ἐπειλέειν ὡς φέρνοντας αὐτὸς καὶ ὑπολογίσαντας ὀπειροήματα

CORRECTED TEXT:
αἱ πυκνηρ�","η ἐκλησία τῶν Πατρὴν πειθύνειν εἰσιν, ὑπεικτέον τὸν ἀγκοῦντας, γὰρ τοῦτο μὲν νιφοστιβεῖς χειμῶνες ἐκχωροῦσιν εὐκάρπῳ θέρει, ἐξίσταται δὲ νυκτὸς αἰανῆς κύκλος τῇ λευκοπώλῳ φέγγος ἡμέρῳᾳ φλέγειν.

[Commentary]

(τοῦτο μὲν νιφοστιβεῖς χειμῶνες ἐκχωροῦσιν) —The text to be corrected consists of the primary text only. The corrected text comes after the segment ""TEXT TO CORRECT.""

(ἐξίσταται δὲ νυκτὸς αἰανῆς κύκλος τ","segment. Do not write anything else than the corrected text.

TEXT TO CORRECT:
κἀγὼ 700, ὃς Ta deis ἑκαρτέρουν τότε, βαφῇ σίδηρος ὥς, ἐθηλύνθην στόμα πρὸς τῆςδε τῆς γυναικός· οἰκτείρω δέ νιν χήραν παρ’ ἐχθροῖς, παῖδά τ’ ὀρφανὸν ἀλλ’ el πρός Te λουτρὰ καὶ παρακτίους λειμῶνας, ὡς dv λύμαθ’ ἀγνίσας ἐμὰ μῆνιν βαρεῖαν ἐξαλεύσωμαι θεᾶς· μολών Te, χῶρον ἔνθ’ dv ἀστιβῆ κίχω, κρύψω τόδ’ ἔγχος τοὐμὸν, ἔχθιστον βελῶν, γαίας ὀρύξας ἔνθα μή τις ὄψεται. ἀλλ’ αὐτὸ νὐξ Ἅιδης Te σωζόντων κάτω. ἐγὼ γὰρ ἐξ οὗ χειρὶ τοῦτ’ ἐδεξάμην παρ’ Ἕκτορος δώρημα δυςμενεστάτου, οὔπώ τι κεδνὸν ἔσχον Ἀργείων πάρα. ἀλλ’ ἔστ’ ἀληθῆς ἡ βροτῶν παροιμία, ἐχθρῶν ἄδωρα δῶρα κοὐκ ὀνήσιμα. τοιγὰρ TO λοιπὸν εἰσόμεσθα μὲν θεοῖς εἴκειν, μαθησόμεσθα δ’ Ἀτρείδας σέβειν. ἄρχοντές εἰσιν, ὥςθ’ ὑπεικτέον· Ti un; καὶ γὰρ Ta δεινὰ nal Ta καρτερώτατα τιμαῖς ὑπείκει· τοῦτ’ πέμπας διαδίκην τιμαῖς· τοὐτά τῆςδε, μὲν τιμαῖς ἐν τῇ οὐκ προβαίνειν. Ὁ γυναικὰς τιμαῖς ἀνθρώπων πρός τέλειον τῆς γυναίκας· καὶ μητροποιησαν ἀνθρώποις· ἐπὶ τιμαῖς ὄστρεφε, Ὅμη γίνεται. εἶναι τις θείοις, ἐπὶ σάββαινον τινάιτα ἐπὶ σῶν, παρ’ ἕνα εἶναι τὸν προσωπον ἐπ’ ἑαυτοῦ καὶ τιμαῖς ἐστιν· ἔδωκαν ἕνα εἶναι τὸν καὶ σάββαινον τιμαῖς ἀξίαν· ἕνα εἶναι τὸ σάββαινον τιμαῖς καὶ προσφύγων· ἔδωκαν σάββαινον τιμαῖς γενοῦσι καὶ σωζομένων ἀξίαν· ἐπὶ τὸ διάνοια· πρὸς τὸν ὀρφανής· γένει περιοδιάζεσθαι τὸν καὶ τέλειον τῆςδε νιν ὁποίους· πρὸς τὸ διάνοια· ἐπὶ σάββαινον τιμαῖς δυστεροπαγίως καὶ τέλειον τῆςδε· ἀλλ’ πένθεσι δ’ ἄρχοντές ἔνθα χρυσοῦτος γιγαντὰς τὸν γαρ μητροποιησει· ἐπὶ οὐχ γένει, ὁποίος μὲν γενοῦσι περὶ τιμαῖς· ἐπὶ τὸ ὀρφανής· καὶ ὁποίος μὲν γενοῦσι περὶ τιμαῖς· ἀλλ’ ἄρχοντές εἰσάγασθαι καὶ τῆς σοφῆς· ἐκ γὰρ καὶ γένειται τὸ τοὐτοῦ· �",OPT-6.7B,prompt_complex_02,prompt_complex_02,zero-shot,el,results-ajmc_primary_text-facebook-opt-6.7b.jsonl,1172,1.0,0.20903954802259886,-0.7909604519774012,99-100%,0.9400921658986175,0.27602905569007263,-0.7063808574277168,80-99%,0.9505119453924915,0.5269461077844312,-0.44561863705264515,80-99%,-0.6476533154859211,Negative Improvement
28,bsb10234118,ajmc-primary-text,χειμῶνες ἐκχωροῦσιν εὐκάρπῳ θέρει·,"ἄρχοντές εἰσιν, ὥςθ’ ὑπεικτέον· Ti un; καὶ γὰρ Ta δεινὰ nal Ta καρτερώτατα τιμαῖς ὑπείκει· τοῦτο μὲν νιφοστιβεῖς χειμῶνες ἐκχωροῦσιν εὐκάρπῳ θέρει· ἐξίσταται δὲ νυκτὸς αἰανῆς κύκλος τῇ λευκοπώλῳ φέγγος ἡμέρῳᾳ φλέγειν.","κἀγὼ 700, ὃς Ta deis ἑκαρτέρουν τότε, βαφῇ σίδηρος ὥς, ἐθηλύνθην στόμα πρὸς τῆςδε τῆς γυναικός· οἰκτείρω δέ νιν χήραν παρ’ ἐχθροῖς, παῖδά τ’ ὀρφανὸν ἀλλ’ el πρός Te λουτρὰ καὶ παρακτίους λειμῶνας, ὡς dv λύμαθ’ ἀγνίσας ἐμὰ μῆνιν βαρεῖαν ἐξαλεύσωμαι θεᾶς· μολών Te, χῶρον ἔνθ’ dv ἀστιβῆ κίχω, κρύψω τόδ’ ἔγχος τοὐμὸν, ἔχθιστον βελῶν, γαίας ὀρύξας ἔνθα μή τις ὄψεται. ἀλλ’ αὐτὸ νὐξ Ἅιδης Te σωζόντων κάτω. ἐγὼ γὰρ ἐξ οὗ χειρὶ τοῦτ’ ἐδεξάμην παρ’ Ἕκτορος δώρημα δυςμενεστάτου, οὔπώ τι κεδνὸν ἔσχον Ἀργείων πάρα. ἀλλ’ ἔστ’ ἀληθῆς ἡ βροτῶν παροιμία, ἐχθρῶν ἄδωρα δῶρα κοὐκ ὀνήσιμα. τοιγὰρ TO λοιπὸν εἰσόμεσθα μὲν θεοῖς εἴκειν, μαθησόμεσθα δ’ Ἀτρείδας σέβειν. ἄρχοντές εἰσιν, ὥςθ’ ὑπεικτέον· Ti un; καὶ γὰρ Ta δεινὰ nal Ta καρτερώτατα τιμαῖς ὑπείκει· τοῦτο μὲν νιφοστιβεῖς χειμῶνες ἐκχωροῦσιν εὐκάρπῳ θέρει· ἐξίσταται δὲ νυκτὸς αἰανῆς κύκλος τῇ λευκοπώλῳ φέγγος ἡμέρῳᾳ φλέγειν. δεινῶν τ’ ἄημα πνευμάτων ἐκοίμισε στένοντα πόντον· ἐν δ’ ὁ παγκρατὴς ὕπνος λύει πεδήσας οὐδ’ ἀεὶ λαβὼν ἔχει. ἡμεῖς δὲ πῶς οὐ γνωσόμεσθα σωφρονεῖν; ἐγὼ δ’, ἐπίσταμαι γὰρ ἀρτίως ὅτι ὅ τ’ ἐχθρὸς ἡμῖν ἐς τοσόνδ’ ἐχθαρτέος, ws καὶ φιλήσων αὖθις· ἔς Te τὸν φίλον τοσαῦθ’ ὑπουργῶν ὠφελεῖν βουλήσομαι,",χειμῶνες ἐκχωροῦσιν εὐκάρπῳ θέρει·,"ἄρχοντές εἰσιν, ὥςθ’ ὑπεικτέον· τί μή ; καὶ γὰρ τὰ δεινὰ καὶ τὰ καρτερώτατα τιμαῖς ὑπείκει· τοῦτο μὲν νιφοστιβεῖς χειμῶνες ἐκχωροῦσιν εὐκάρπῳ θέρει· ἐξίσταται δὲ νυκτὸς αἰανῆς κύκλος τῇ λευκοπώλῳ φέγγος ἡμέρᾳ φλέγειν.","κἀγὼ γὰρ, ὃς τὰ δείν’ ἐκαρτέρουν τότε, βαφῇ σίδηρος ὣς, ἐθηλύνθην στόμα πρὸς τῆςδε τῆς γυναικός· οἰκτείρω δέ νιν χήραν παρ’ ἐχθροῖς, παῖδά τ’ ὀρφανὸν ἀλλ’ εἶμι πρός τε λουτρὰ καὶ παρακτίους λειμῶνας, ὡς ἂν λύμαθ’ ἁγνίσας ἐμὰ μῆνιν βαρεῖαν ἐξαλεύσωμαι θεᾶς· μολών τε, χῶρον ἔνθ’ ἂν ἀστιβῆ κίχω, κρύψω τόδ’ ἔγχος τοὐμὸν, ἔχθιστον βελῶν, γαίας ὀρύξας ἔνθα μή τις ὄψεται. ἀλλ’ αὐτὸ νὺξ Ἅιδης τε σωζόντων κάτω. ἐγὼ γὰρ ἐξ οὖ χειρὶ τοῦτ’ ἐδεξάμην παρ’ Ἕκτορος δώρημα δυςμενεστάτου, οὔπώ τι κεδνὸν ἔσχον Ἀργείων πάρα. ἀλλ’ ἔστ’ ἀληθὴς ἡ βροτῶν παροιμία, ἐχθρῶν ἄδωρα δῶρα κοὐκ ὀνήσιμα. τοιγὰρ τὸ λοιπὸν εἰσόμεσθα μὲν θεοῖς εἴκειν, μαθησόμεσθα δ’ Ἀτρείδας σέβειν. ἄρχοντές εἰσιν, ὥςθ’ ὑπεικτέον· τί μή ; καὶ γὰρ τὰ δεινὰ καὶ τὰ καρτερώτατα τιμαῖς ὑπείκει· τοῦτο μὲν νιφοστιβεῖς χειμῶνες ἐκχωροῦσιν εὐκάρπῳ θέρει· ἐξίσταται δὲ νυκτὸς αἰανῆς κύκλος τῇ λευκοπώλῳ φέγγος ἡμέρᾳ φλέγειν. δεινῶν τ’ ἄημα πνευμάτων ἐκοίμισε στένοντα πόντον· ἐν δ’ ὁ παγκρατὴς ὕπνος λύει πεδήσας οὐδ’ ἀεὶ λαβὼν ἔχει. ἡμεῖς δὲ πῶς οὐ γνωσόμεσθα σωφρονεῖν ; ἐγὼ δ’, ἐπίσταμαι γὰρ ἀρτίως ὅτι ὅ τ’ ἐχθρὸς ἡμῖν ἐς τοσόνδ’ ἐχθαρτέος, ὡς καὶ φιλήσων αὖθις· ἔς τε τὸν φίλον τοσαῦθ’ ὑπουργῶν ὠφελεῖν βουλήσομαι,","Please assist with reviewing and correcting errors in texts produced by automatic transcription (OCR) of historical documents. Your task is to carefully examine the following text and correct any mistakes introduced by the OCR software. The text to be corrected comes from a classical commentary and consists of the primary text only, in ancient Greek. The text to correct appears after the segment ""TEXT TO CORRECT"". Please place the corrected version of the text after the ""CORRECTED TEXT:"" segment. Do not write anything else than the corrected text.

TEXT TO CORRECT:
χειμῶνες ἐκχωροῦσιν εὐκάρπῳ θέρει·


CORRECTED TEXT:","1. There are three things about which it was difficult to agree among the Hellenes. First, which god should rule over their gods?

2. Where should the temple of Zeus be located? The Eleusinian?

3. Who should rule over the men?

1. The ""Hail, King""

The debate over who should rule the men raged among the Hellenes for a long time. Some thought the men should be ruled by a king, others, a demi-god. Some, like Democritus, thought they should be ruled by a god of gods, and so on. Some said that because men were the first things created, they were above all others and so the ruler of the men should be a god.

At first, some demi","η ἐκλησία τῶν Πατρὴν πειθύνειν εἰσιν, ὑπεικτέον τὸν ἀγκοῦντας, γὰρ τοῦτο μὲν νιφοστιβεῖς χειμῶνες ἐκχωροῦσιν εὐκάρπῳ θέρει, ἐξίσταται δὲ νυκτὸς αἰανῆς κύκλος τῇ λευκοπώλῳ φέγγος ἡμέρῳᾳ φλέγειν.

[Commentary]

(τοῦτο μὲν νιφοστιβεῖς χειμῶνες ἐκχωροῦσιν) —The text to be corrected consists of the primary text only. The corrected text comes after the segment ""TEXT TO CORRECT.""

(ἐξίσταται δὲ νυκτὸς αἰανῆς κύκλος τ","segment. Do not write anything else than the corrected text.

TEXT TO CORRECT:
κἀγὼ 700, ὃς Ta deis ἑκαρτέρουν τότε, βαφῇ σίδηρος ὥς, ἐθηλύνθην στόμα πρὸς τῆςδε τῆς γυναικός· οἰκτείρω δέ νιν χήραν παρ’ ἐχθροῖς, παῖδά τ’ ὀρφανὸν ἀλλ’ el πρός Te λουτρὰ καὶ παρακτίους λειμῶνας, ὡς dv λύμαθ’ ἀγνίσας ἐμὰ μῆνιν βαρεῖαν ἐξαλεύσωμαι θεᾶς· μολών Te, χῶρον ἔνθ’ dv ἀστιβῆ κίχω, κρύψω τόδ’ ἔγχος τοὐμὸν, ἔχθιστον βελῶν, γαίας ὀρύξας ἔνθα μή τις ὄψεται. ἀλλ’ αὐτὸ νὐξ Ἅιδης Te σωζόντων κάτω. ἐγὼ γὰρ ἐξ οὗ χειρὶ τοῦτ’ ἐδεξάμην παρ’ Ἕκτορος δώρημα δυςμενεστάτου, οὔπώ τι κεδνὸν ἔσχον Ἀργείων πάρα. ἀλλ’ ἔστ’ ἀληθῆς ἡ βροτῶν παροιμία, ἐχθρῶν ἄδωρα δῶρα κοὐκ ὀνήσιμα. τοιγὰρ TO λοιπὸν εἰσόμεσθα μὲν θεοῖς εἴκειν, μαθησόμεσθα δ’ Ἀτρείδας σέβειν. ἄρχοντές εἰσιν, ὥςθ’ ὑπεικτέον· Ti un; καὶ γὰρ Ta δεινὰ nal Ta καρτερώτατα τιμαῖς ὑπείκει· τοῦτ’ πέμπας διαδίκην τιμαῖς· τοὐτά τῆςδε, μὲν τιμαῖς ἐν τῇ οὐκ προβαίνειν. Ὁ γυναικὰς τιμαῖς ἀνθρώπων πρός τέλειον τῆς γυναίκας· καὶ μητροποιησαν ἀνθρώποις· ἐπὶ τιμαῖς ὄστρεφε, Ὅμη γίνεται. εἶναι τις θείοις, ἐπὶ σάββαινον τινάιτα ἐπὶ σῶν, παρ’ ἕνα εἶναι τὸν προσωπον ἐπ’ ἑαυτοῦ καὶ τιμαῖς ἐστιν· ἔδωκαν ἕνα εἶναι τὸν καὶ σάββαινον τιμαῖς ἀξίαν· ἕνα εἶναι τὸ σάββαινον τιμαῖς καὶ προσφύγων· ἔδωκαν σάββαινον τιμαῖς γενοῦσι καὶ σωζομένων ἀξίαν· ἐπὶ τὸ διάνοια· πρὸς τὸν ὀρφανής· γένει περιοδιάζεσθαι τὸν καὶ τέλειον τῆςδε νιν ὁποίους· πρὸς τὸ διάνοια· ἐπὶ σάββαινον τιμαῖς δυστεροπαγίως καὶ τέλειον τῆςδε· ἀλλ’ πένθεσι δ’ ἄρχοντές ἔνθα χρυσοῦτος γιγαντὰς τὸν γαρ μητροποιησει· ἐπὶ οὐχ γένει, ὁποίος μὲν γενοῦσι περὶ τιμαῖς· ἐπὶ τὸ ὀρφανής· καὶ ὁποίος μὲν γενοῦσι περὶ τιμαῖς· ἀλλ’ ἄρχοντές εἰσάγασθαι καὶ τῆς σοφῆς· ἐκ γὰρ καὶ γένειται τὸ τοὐτοῦ· �",OPT-6.7B,prompt_complex_02,prompt_complex_02,zero-shot,el,results-ajmc_primary_text-facebook-opt-6.7b.jsonl,1172,1.0,0.004754358161648178,-0.9952456418383518,99-100%,0.9400921658986175,0.27602905569007263,-0.7063808574277168,80-99%,0.9505119453924915,0.5269461077844312,-0.44561863705264515,80-99%,-0.7157483787729045,Negative Improvement
29,bsb10234118,ajmc-primary-text,ἐξίσταται δὲ νυκτὸς αἰανῆς κύκλος,"ἄρχοντές εἰσιν, ὥςθ’ ὑπεικτέον· Ti un; καὶ γὰρ Ta δεινὰ nal Ta καρτερώτατα τιμαῖς ὑπείκει· τοῦτο μὲν νιφοστιβεῖς χειμῶνες ἐκχωροῦσιν εὐκάρπῳ θέρει· ἐξίσταται δὲ νυκτὸς αἰανῆς κύκλος τῇ λευκοπώλῳ φέγγος ἡμέρῳᾳ φλέγειν.","κἀγὼ 700, ὃς Ta deis ἑκαρτέρουν τότε, βαφῇ σίδηρος ὥς, ἐθηλύνθην στόμα πρὸς τῆςδε τῆς γυναικός· οἰκτείρω δέ νιν χήραν παρ’ ἐχθροῖς, παῖδά τ’ ὀρφανὸν ἀλλ’ el πρός Te λουτρὰ καὶ παρακτίους λειμῶνας, ὡς dv λύμαθ’ ἀγνίσας ἐμὰ μῆνιν βαρεῖαν ἐξαλεύσωμαι θεᾶς· μολών Te, χῶρον ἔνθ’ dv ἀστιβῆ κίχω, κρύψω τόδ’ ἔγχος τοὐμὸν, ἔχθιστον βελῶν, γαίας ὀρύξας ἔνθα μή τις ὄψεται. ἀλλ’ αὐτὸ νὐξ Ἅιδης Te σωζόντων κάτω. ἐγὼ γὰρ ἐξ οὗ χειρὶ τοῦτ’ ἐδεξάμην παρ’ Ἕκτορος δώρημα δυςμενεστάτου, οὔπώ τι κεδνὸν ἔσχον Ἀργείων πάρα. ἀλλ’ ἔστ’ ἀληθῆς ἡ βροτῶν παροιμία, ἐχθρῶν ἄδωρα δῶρα κοὐκ ὀνήσιμα. τοιγὰρ TO λοιπὸν εἰσόμεσθα μὲν θεοῖς εἴκειν, μαθησόμεσθα δ’ Ἀτρείδας σέβειν. ἄρχοντές εἰσιν, ὥςθ’ ὑπεικτέον· Ti un; καὶ γὰρ Ta δεινὰ nal Ta καρτερώτατα τιμαῖς ὑπείκει· τοῦτο μὲν νιφοστιβεῖς χειμῶνες ἐκχωροῦσιν εὐκάρπῳ θέρει· ἐξίσταται δὲ νυκτὸς αἰανῆς κύκλος τῇ λευκοπώλῳ φέγγος ἡμέρῳᾳ φλέγειν. δεινῶν τ’ ἄημα πνευμάτων ἐκοίμισε στένοντα πόντον· ἐν δ’ ὁ παγκρατὴς ὕπνος λύει πεδήσας οὐδ’ ἀεὶ λαβὼν ἔχει. ἡμεῖς δὲ πῶς οὐ γνωσόμεσθα σωφρονεῖν; ἐγὼ δ’, ἐπίσταμαι γὰρ ἀρτίως ὅτι ὅ τ’ ἐχθρὸς ἡμῖν ἐς τοσόνδ’ ἐχθαρτέος, ws καὶ φιλήσων αὖθις· ἔς Te τὸν φίλον τοσαῦθ’ ὑπουργῶν ὠφελεῖν βουλήσομαι,",ἐξίσταται δὲ νυκτὸς αἰανῆς κύκλος,"ἄρχοντές εἰσιν, ὥςθ’ ὑπεικτέον· τί μή ; καὶ γὰρ τὰ δεινὰ καὶ τὰ καρτερώτατα τιμαῖς ὑπείκει· τοῦτο μὲν νιφοστιβεῖς χειμῶνες ἐκχωροῦσιν εὐκάρπῳ θέρει· ἐξίσταται δὲ νυκτὸς αἰανῆς κύκλος τῇ λευκοπώλῳ φέγγος ἡμέρᾳ φλέγειν.","κἀγὼ γὰρ, ὃς τὰ δείν’ ἐκαρτέρουν τότε, βαφῇ σίδηρος ὣς, ἐθηλύνθην στόμα πρὸς τῆςδε τῆς γυναικός· οἰκτείρω δέ νιν χήραν παρ’ ἐχθροῖς, παῖδά τ’ ὀρφανὸν ἀλλ’ εἶμι πρός τε λουτρὰ καὶ παρακτίους λειμῶνας, ὡς ἂν λύμαθ’ ἁγνίσας ἐμὰ μῆνιν βαρεῖαν ἐξαλεύσωμαι θεᾶς· μολών τε, χῶρον ἔνθ’ ἂν ἀστιβῆ κίχω, κρύψω τόδ’ ἔγχος τοὐμὸν, ἔχθιστον βελῶν, γαίας ὀρύξας ἔνθα μή τις ὄψεται. ἀλλ’ αὐτὸ νὺξ Ἅιδης τε σωζόντων κάτω. ἐγὼ γὰρ ἐξ οὖ χειρὶ τοῦτ’ ἐδεξάμην παρ’ Ἕκτορος δώρημα δυςμενεστάτου, οὔπώ τι κεδνὸν ἔσχον Ἀργείων πάρα. ἀλλ’ ἔστ’ ἀληθὴς ἡ βροτῶν παροιμία, ἐχθρῶν ἄδωρα δῶρα κοὐκ ὀνήσιμα. τοιγὰρ τὸ λοιπὸν εἰσόμεσθα μὲν θεοῖς εἴκειν, μαθησόμεσθα δ’ Ἀτρείδας σέβειν. ἄρχοντές εἰσιν, ὥςθ’ ὑπεικτέον· τί μή ; καὶ γὰρ τὰ δεινὰ καὶ τὰ καρτερώτατα τιμαῖς ὑπείκει· τοῦτο μὲν νιφοστιβεῖς χειμῶνες ἐκχωροῦσιν εὐκάρπῳ θέρει· ἐξίσταται δὲ νυκτὸς αἰανῆς κύκλος τῇ λευκοπώλῳ φέγγος ἡμέρᾳ φλέγειν. δεινῶν τ’ ἄημα πνευμάτων ἐκοίμισε στένοντα πόντον· ἐν δ’ ὁ παγκρατὴς ὕπνος λύει πεδήσας οὐδ’ ἀεὶ λαβὼν ἔχει. ἡμεῖς δὲ πῶς οὐ γνωσόμεσθα σωφρονεῖν ; ἐγὼ δ’, ἐπίσταμαι γὰρ ἀρτίως ὅτι ὅ τ’ ἐχθρὸς ἡμῖν ἐς τοσόνδ’ ἐχθαρτέος, ὡς καὶ φιλήσων αὖθις· ἔς τε τὸν φίλον τοσαῦθ’ ὑπουργῶν ὠφελεῖν βουλήσομαι,","Please assist with reviewing and correcting errors in texts produced by automatic transcription (OCR) of historical documents. Your task is to carefully examine the following text and correct any mistakes introduced by the OCR software. The text to be corrected comes from a classical commentary and consists of the primary text only, in ancient Greek. The text to correct appears after the segment ""TEXT TO CORRECT"". Please place the corrected version of the text after the ""CORRECTED TEXT:"" segment. Do not write anything else than the corrected text.

TEXT TO CORRECT:
ἐξίσταται δὲ νυκτὸς αἰανῆς κύκλος


CORRECTED TEXT:","ἐξίσταται δὲ νυκτὸς αἰανῆς κύκλος

The original text is a translation of the Greek text of Aristotle's ""Metaphysics"" (1st Century BC).

Please note that the OCR software can make mistakes. If you notice any mistakes or you are unable to understand something, please click on the link above.

If you do not understand the text in the Greek, please check it out in the original text of Aristotle's ""Metaphysics"" (here) or in the translation of it by William Henry Wroth (here). The text to correct appears after the segment ""TEXT TO CORRECT"".","η ἐκλησία τῶν Πατρὴν πειθύνειν εἰσιν, ὑπεικτέον τὸν ἀγκοῦντας, γὰρ τοῦτο μὲν νιφοστιβεῖς χειμῶνες ἐκχωροῦσιν εὐκάρπῳ θέρει, ἐξίσταται δὲ νυκτὸς αἰανῆς κύκλος τῇ λευκοπώλῳ φέγγος ἡμέρῳᾳ φλέγειν.

[Commentary]

(τοῦτο μὲν νιφοστιβεῖς χειμῶνες ἐκχωροῦσιν) —The text to be corrected consists of the primary text only. The corrected text comes after the segment ""TEXT TO CORRECT.""

(ἐξίσταται δὲ νυκτὸς αἰανῆς κύκλος τ","segment. Do not write anything else than the corrected text.

TEXT TO CORRECT:
κἀγὼ 700, ὃς Ta deis ἑκαρτέρουν τότε, βαφῇ σίδηρος ὥς, ἐθηλύνθην στόμα πρὸς τῆςδε τῆς γυναικός· οἰκτείρω δέ νιν χήραν παρ’ ἐχθροῖς, παῖδά τ’ ὀρφανὸν ἀλλ’ el πρός Te λουτρὰ καὶ παρακτίους λειμῶνας, ὡς dv λύμαθ’ ἀγνίσας ἐμὰ μῆνιν βαρεῖαν ἐξαλεύσωμαι θεᾶς· μολών Te, χῶρον ἔνθ’ dv ἀστιβῆ κίχω, κρύψω τόδ’ ἔγχος τοὐμὸν, ἔχθιστον βελῶν, γαίας ὀρύξας ἔνθα μή τις ὄψεται. ἀλλ’ αὐτὸ νὐξ Ἅιδης Te σωζόντων κάτω. ἐγὼ γὰρ ἐξ οὗ χειρὶ τοῦτ’ ἐδεξάμην παρ’ Ἕκτορος δώρημα δυςμενεστάτου, οὔπώ τι κεδνὸν ἔσχον Ἀργείων πάρα. ἀλλ’ ἔστ’ ἀληθῆς ἡ βροτῶν παροιμία, ἐχθρῶν ἄδωρα δῶρα κοὐκ ὀνήσιμα. τοιγὰρ TO λοιπὸν εἰσόμεσθα μὲν θεοῖς εἴκειν, μαθησόμεσθα δ’ Ἀτρείδας σέβειν. ἄρχοντές εἰσιν, ὥςθ’ ὑπεικτέον· Ti un; καὶ γὰρ Ta δεινὰ nal Ta καρτερώτατα τιμαῖς ὑπείκει· τοῦτ’ πέμπας διαδίκην τιμαῖς· τοὐτά τῆςδε, μὲν τιμαῖς ἐν τῇ οὐκ προβαίνειν. Ὁ γυναικὰς τιμαῖς ἀνθρώπων πρός τέλειον τῆς γυναίκας· καὶ μητροποιησαν ἀνθρώποις· ἐπὶ τιμαῖς ὄστρεφε, Ὅμη γίνεται. εἶναι τις θείοις, ἐπὶ σάββαινον τινάιτα ἐπὶ σῶν, παρ’ ἕνα εἶναι τὸν προσωπον ἐπ’ ἑαυτοῦ καὶ τιμαῖς ἐστιν· ἔδωκαν ἕνα εἶναι τὸν καὶ σάββαινον τιμαῖς ἀξίαν· ἕνα εἶναι τὸ σάββαινον τιμαῖς καὶ προσφύγων· ἔδωκαν σάββαινον τιμαῖς γενοῦσι καὶ σωζομένων ἀξίαν· ἐπὶ τὸ διάνοια· πρὸς τὸν ὀρφανής· γένει περιοδιάζεσθαι τὸν καὶ τέλειον τῆςδε νιν ὁποίους· πρὸς τὸ διάνοια· ἐπὶ σάββαινον τιμαῖς δυστεροπαγίως καὶ τέλειον τῆςδε· ἀλλ’ πένθεσι δ’ ἄρχοντές ἔνθα χρυσοῦτος γιγαντὰς τὸν γαρ μητροποιησει· ἐπὶ οὐχ γένει, ὁποίος μὲν γενοῦσι περὶ τιμαῖς· ἐπὶ τὸ ὀρφανής· καὶ ὁποίος μὲν γενοῦσι περὶ τιμαῖς· ἀλλ’ ἄρχοντές εἰσάγασθαι καὶ τῆς σοφῆς· ἐκ γὰρ καὶ γένειται τὸ τοὐτοῦ· �",OPT-6.7B,prompt_complex_02,prompt_complex_02,zero-shot,el,results-ajmc_primary_text-facebook-opt-6.7b.jsonl,1172,1.0,0.06111111111111111,-0.9388888888888889,99-100%,0.9400921658986175,0.27602905569007263,-0.7063808574277168,80-99%,0.9505119453924915,0.5269461077844312,-0.44561863705264515,80-99%,-0.6969627944564168,Negative Improvement
30,bsb10234118,ajmc-primary-text,δεινῶν τ’ ἄημα πνευμάτων ἐκοίμισε,δεινῶν τ’ ἄημα πνευμάτων ἐκοίμισε στένοντα πόντον· ἐν δ’ ὁ παγκρατὴς ὕπνος λύει πεδήσας οὐδ’ ἀεὶ λαβὼν ἔχει.,"κἀγὼ 700, ὃς Ta deis ἑκαρτέρουν τότε, βαφῇ σίδηρος ὥς, ἐθηλύνθην στόμα πρὸς τῆςδε τῆς γυναικός· οἰκτείρω δέ νιν χήραν παρ’ ἐχθροῖς, παῖδά τ’ ὀρφανὸν ἀλλ’ el πρός Te λουτρὰ καὶ παρακτίους λειμῶνας, ὡς dv λύμαθ’ ἀγνίσας ἐμὰ μῆνιν βαρεῖαν ἐξαλεύσωμαι θεᾶς· μολών Te, χῶρον ἔνθ’ dv ἀστιβῆ κίχω, κρύψω τόδ’ ἔγχος τοὐμὸν, ἔχθιστον βελῶν, γαίας ὀρύξας ἔνθα μή τις ὄψεται. ἀλλ’ αὐτὸ νὐξ Ἅιδης Te σωζόντων κάτω. ἐγὼ γὰρ ἐξ οὗ χειρὶ τοῦτ’ ἐδεξάμην παρ’ Ἕκτορος δώρημα δυςμενεστάτου, οὔπώ τι κεδνὸν ἔσχον Ἀργείων πάρα. ἀλλ’ ἔστ’ ἀληθῆς ἡ βροτῶν παροιμία, ἐχθρῶν ἄδωρα δῶρα κοὐκ ὀνήσιμα. τοιγὰρ TO λοιπὸν εἰσόμεσθα μὲν θεοῖς εἴκειν, μαθησόμεσθα δ’ Ἀτρείδας σέβειν. ἄρχοντές εἰσιν, ὥςθ’ ὑπεικτέον· Ti un; καὶ γὰρ Ta δεινὰ nal Ta καρτερώτατα τιμαῖς ὑπείκει· τοῦτο μὲν νιφοστιβεῖς χειμῶνες ἐκχωροῦσιν εὐκάρπῳ θέρει· ἐξίσταται δὲ νυκτὸς αἰανῆς κύκλος τῇ λευκοπώλῳ φέγγος ἡμέρῳᾳ φλέγειν. δεινῶν τ’ ἄημα πνευμάτων ἐκοίμισε στένοντα πόντον· ἐν δ’ ὁ παγκρατὴς ὕπνος λύει πεδήσας οὐδ’ ἀεὶ λαβὼν ἔχει. ἡμεῖς δὲ πῶς οὐ γνωσόμεσθα σωφρονεῖν; ἐγὼ δ’, ἐπίσταμαι γὰρ ἀρτίως ὅτι ὅ τ’ ἐχθρὸς ἡμῖν ἐς τοσόνδ’ ἐχθαρτέος, ws καὶ φιλήσων αὖθις· ἔς Te τὸν φίλον τοσαῦθ’ ὑπουργῶν ὠφελεῖν βουλήσομαι,",δεινῶν τ’ ἄημα πνευμάτων ἐκοίμισε,δεινῶν τ’ ἄημα πνευμάτων ἐκοίμισε στένοντα πόντον· ἐν δ’ ὁ παγκρατὴς ὕπνος λύει πεδήσας οὐδ’ ἀεὶ λαβὼν ἔχει.,"κἀγὼ γὰρ, ὃς τὰ δείν’ ἐκαρτέρουν τότε, βαφῇ σίδηρος ὣς, ἐθηλύνθην στόμα πρὸς τῆςδε τῆς γυναικός· οἰκτείρω δέ νιν χήραν παρ’ ἐχθροῖς, παῖδά τ’ ὀρφανὸν ἀλλ’ εἶμι πρός τε λουτρὰ καὶ παρακτίους λειμῶνας, ὡς ἂν λύμαθ’ ἁγνίσας ἐμὰ μῆνιν βαρεῖαν ἐξαλεύσωμαι θεᾶς· μολών τε, χῶρον ἔνθ’ ἂν ἀστιβῆ κίχω, κρύψω τόδ’ ἔγχος τοὐμὸν, ἔχθιστον βελῶν, γαίας ὀρύξας ἔνθα μή τις ὄψεται. ἀλλ’ αὐτὸ νὺξ Ἅιδης τε σωζόντων κάτω. ἐγὼ γὰρ ἐξ οὖ χειρὶ τοῦτ’ ἐδεξάμην παρ’ Ἕκτορος δώρημα δυςμενεστάτου, οὔπώ τι κεδνὸν ἔσχον Ἀργείων πάρα. ἀλλ’ ἔστ’ ἀληθὴς ἡ βροτῶν παροιμία, ἐχθρῶν ἄδωρα δῶρα κοὐκ ὀνήσιμα. τοιγὰρ τὸ λοιπὸν εἰσόμεσθα μὲν θεοῖς εἴκειν, μαθησόμεσθα δ’ Ἀτρείδας σέβειν. ἄρχοντές εἰσιν, ὥςθ’ ὑπεικτέον· τί μή ; καὶ γὰρ τὰ δεινὰ καὶ τὰ καρτερώτατα τιμαῖς ὑπείκει· τοῦτο μὲν νιφοστιβεῖς χειμῶνες ἐκχωροῦσιν εὐκάρπῳ θέρει· ἐξίσταται δὲ νυκτὸς αἰανῆς κύκλος τῇ λευκοπώλῳ φέγγος ἡμέρᾳ φλέγειν. δεινῶν τ’ ἄημα πνευμάτων ἐκοίμισε στένοντα πόντον· ἐν δ’ ὁ παγκρατὴς ὕπνος λύει πεδήσας οὐδ’ ἀεὶ λαβὼν ἔχει. ἡμεῖς δὲ πῶς οὐ γνωσόμεσθα σωφρονεῖν ; ἐγὼ δ’, ἐπίσταμαι γὰρ ἀρτίως ὅτι ὅ τ’ ἐχθρὸς ἡμῖν ἐς τοσόνδ’ ἐχθαρτέος, ὡς καὶ φιλήσων αὖθις· ἔς τε τὸν φίλον τοσαῦθ’ ὑπουργῶν ὠφελεῖν βουλήσομαι,","Please assist with reviewing and correcting errors in texts produced by automatic transcription (OCR) of historical documents. Your task is to carefully examine the following text and correct any mistakes introduced by the OCR software. The text to be corrected comes from a classical commentary and consists of the primary text only, in ancient Greek. The text to correct appears after the segment ""TEXT TO CORRECT"". Please place the corrected version of the text after the ""CORRECTED TEXT:"" segment. Do not write anything else than the corrected text.

TEXT TO CORRECT:
δεινῶν τ’ ἄημα πνευμάτων ἐκοίμισε στένοντα πόντον· ἐν δ’ ὁ παγκρατὴς ὕπνος λύει πεδήσας οὐδ’ ἀεὶ λαβὼν ἔχει.


CORRECTED TEXT:","“The first book of our author is the work of a very great master, which contains the whole history of the world from the Creation up to his own time; the style and matter of it are perfect. He makes use of the divine oracles, the ancient traditions, and other sources of the same kind, which he collected together with care and diligence from all the regions of the earth, in order to describe the events of the most glorious age of the race of the gods, and to reveal the nature and destiny of the future ages of the human race. He is the author of the book which has come down to us from antiquity, not in our language, for the very reason that the language of the Greeks was not perfect when the first book was written, but his is an old language,","ὁ παγκράτως ὕπνος λύει οὐδ’ ἀεὶ λαβὼν ἔχει.

There are two problems that need to be corrected. The first problem is a minor correction: καὶ πνευμάτων, not πόντων. The second problem is a substantial correction. πνευμάτων must refer to the “old” (ἀεὶ) father, and should have been written παγκρατός or παγκρός.

We do not yet have any OCR software that will correct minor errors in the text. But we do have several software programs that can correct major errors in a text:

Word Count

The Word Count feature, also known as Automatic Paragraph Splitting, allows you to count the number of words in a document. Word Count shows the number of words divided by the number of lines in the document. So in","segment. Do not write anything else than the corrected text.

TEXT TO CORRECT:
κἀγὼ 700, ὃς Ta deis ἑκαρτέρουν τότε, βαφῇ σίδηρος ὥς, ἐθηλύνθην στόμα πρὸς τῆςδε τῆς γυναικός· οἰκτείρω δέ νιν χήραν παρ’ ἐχθροῖς, παῖδά τ’ ὀρφανὸν ἀλλ’ el πρός Te λουτρὰ καὶ παρακτίους λειμῶνας, ὡς dv λύμαθ’ ἀγνίσας ἐμὰ μῆνιν βαρεῖαν ἐξαλεύσωμαι θεᾶς· μολών Te, χῶρον ἔνθ’ dv ἀστιβῆ κίχω, κρύψω τόδ’ ἔγχος τοὐμὸν, ἔχθιστον βελῶν, γαίας ὀρύξας ἔνθα μή τις ὄψεται. ἀλλ’ αὐτὸ νὐξ Ἅιδης Te σωζόντων κάτω. ἐγὼ γὰρ ἐξ οὗ χειρὶ τοῦτ’ ἐδεξάμην παρ’ Ἕκτορος δώρημα δυςμενεστάτου, οὔπώ τι κεδνὸν ἔσχον Ἀργείων πάρα. ἀλλ’ ἔστ’ ἀληθῆς ἡ βροτῶν παροιμία, ἐχθρῶν ἄδωρα δῶρα κοὐκ ὀνήσιμα. τοιγὰρ TO λοιπὸν εἰσόμεσθα μὲν θεοῖς εἴκειν, μαθησόμεσθα δ’ Ἀτρείδας σέβειν. ἄρχοντές εἰσιν, ὥςθ’ ὑπεικτέον· Ti un; καὶ γὰρ Ta δεινὰ nal Ta καρτερώτατα τιμαῖς ὑπείκει· τοῦτ’ πέμπας διαδίκην τιμαῖς· τοὐτά τῆςδε, μὲν τιμαῖς ἐν τῇ οὐκ προβαίνειν. Ὁ γυναικὰς τιμαῖς ἀνθρώπων πρός τέλειον τῆς γυναίκας· καὶ μητροποιησαν ἀνθρώποις· ἐπὶ τιμαῖς ὄστρεφε, Ὅμη γίνεται. εἶναι τις θείοις, ἐπὶ σάββαινον τινάιτα ἐπὶ σῶν, παρ’ ἕνα εἶναι τὸν προσωπον ἐπ’ ἑαυτοῦ καὶ τιμαῖς ἐστιν· ἔδωκαν ἕνα εἶναι τὸν καὶ σάββαινον τιμαῖς ἀξίαν· ἕνα εἶναι τὸ σάββαινον τιμαῖς καὶ προσφύγων· ἔδωκαν σάββαινον τιμαῖς γενοῦσι καὶ σωζομένων ἀξίαν· ἐπὶ τὸ διάνοια· πρὸς τὸν ὀρφανής· γένει περιοδιάζεσθαι τὸν καὶ τέλειον τῆςδε νιν ὁποίους· πρὸς τὸ διάνοια· ἐπὶ σάββαινον τιμαῖς δυστεροπαγίως καὶ τέλειον τῆςδε· ἀλλ’ πένθεσι δ’ ἄρχοντές ἔνθα χρυσοῦτος γιγαντὰς τὸν γαρ μητροποιησει· ἐπὶ οὐχ γένει, ὁποίος μὲν γενοῦσι περὶ τιμαῖς· ἐπὶ τὸ ὀρφανής· καὶ ὁποίος μὲν γενοῦσι περὶ τιμαῖς· ἀλλ’ ἄρχοντές εἰσάγασθαι καὶ τῆς σοφῆς· ἐκ γὰρ καὶ γένειται τὸ τοὐτοῦ· �",OPT-6.7B,prompt_complex_02,prompt_complex_02,zero-shot,el,results-ajmc_primary_text-facebook-opt-6.7b.jsonl,1172,1.0,0.005333333333333333,-0.9946666666666667,99-100%,1.0,0.06285714285714286,-0.9371428571428572,99-100%,0.9505119453924915,0.5269461077844312,-0.44561863705264515,80-99%,-0.792476053620723,Negative Improvement
31,bsb10234118,ajmc-primary-text,στένοντα πόντον· ἐν δ’ ὁ παγκρατὴς ὕπνος,δεινῶν τ’ ἄημα πνευμάτων ἐκοίμισε στένοντα πόντον· ἐν δ’ ὁ παγκρατὴς ὕπνος λύει πεδήσας οὐδ’ ἀεὶ λαβὼν ἔχει.,"κἀγὼ 700, ὃς Ta deis ἑκαρτέρουν τότε, βαφῇ σίδηρος ὥς, ἐθηλύνθην στόμα πρὸς τῆςδε τῆς γυναικός· οἰκτείρω δέ νιν χήραν παρ’ ἐχθροῖς, παῖδά τ’ ὀρφανὸν ἀλλ’ el πρός Te λουτρὰ καὶ παρακτίους λειμῶνας, ὡς dv λύμαθ’ ἀγνίσας ἐμὰ μῆνιν βαρεῖαν ἐξαλεύσωμαι θεᾶς· μολών Te, χῶρον ἔνθ’ dv ἀστιβῆ κίχω, κρύψω τόδ’ ἔγχος τοὐμὸν, ἔχθιστον βελῶν, γαίας ὀρύξας ἔνθα μή τις ὄψεται. ἀλλ’ αὐτὸ νὐξ Ἅιδης Te σωζόντων κάτω. ἐγὼ γὰρ ἐξ οὗ χειρὶ τοῦτ’ ἐδεξάμην παρ’ Ἕκτορος δώρημα δυςμενεστάτου, οὔπώ τι κεδνὸν ἔσχον Ἀργείων πάρα. ἀλλ’ ἔστ’ ἀληθῆς ἡ βροτῶν παροιμία, ἐχθρῶν ἄδωρα δῶρα κοὐκ ὀνήσιμα. τοιγὰρ TO λοιπὸν εἰσόμεσθα μὲν θεοῖς εἴκειν, μαθησόμεσθα δ’ Ἀτρείδας σέβειν. ἄρχοντές εἰσιν, ὥςθ’ ὑπεικτέον· Ti un; καὶ γὰρ Ta δεινὰ nal Ta καρτερώτατα τιμαῖς ὑπείκει· τοῦτο μὲν νιφοστιβεῖς χειμῶνες ἐκχωροῦσιν εὐκάρπῳ θέρει· ἐξίσταται δὲ νυκτὸς αἰανῆς κύκλος τῇ λευκοπώλῳ φέγγος ἡμέρῳᾳ φλέγειν. δεινῶν τ’ ἄημα πνευμάτων ἐκοίμισε στένοντα πόντον· ἐν δ’ ὁ παγκρατὴς ὕπνος λύει πεδήσας οὐδ’ ἀεὶ λαβὼν ἔχει. ἡμεῖς δὲ πῶς οὐ γνωσόμεσθα σωφρονεῖν; ἐγὼ δ’, ἐπίσταμαι γὰρ ἀρτίως ὅτι ὅ τ’ ἐχθρὸς ἡμῖν ἐς τοσόνδ’ ἐχθαρτέος, ws καὶ φιλήσων αὖθις· ἔς Te τὸν φίλον τοσαῦθ’ ὑπουργῶν ὠφελεῖν βουλήσομαι,",στένοντα πόντον· ἐν δ’ ὁ παγκρατὴς ὕπνος,δεινῶν τ’ ἄημα πνευμάτων ἐκοίμισε στένοντα πόντον· ἐν δ’ ὁ παγκρατὴς ὕπνος λύει πεδήσας οὐδ’ ἀεὶ λαβὼν ἔχει.,"κἀγὼ γὰρ, ὃς τὰ δείν’ ἐκαρτέρουν τότε, βαφῇ σίδηρος ὣς, ἐθηλύνθην στόμα πρὸς τῆςδε τῆς γυναικός· οἰκτείρω δέ νιν χήραν παρ’ ἐχθροῖς, παῖδά τ’ ὀρφανὸν ἀλλ’ εἶμι πρός τε λουτρὰ καὶ παρακτίους λειμῶνας, ὡς ἂν λύμαθ’ ἁγνίσας ἐμὰ μῆνιν βαρεῖαν ἐξαλεύσωμαι θεᾶς· μολών τε, χῶρον ἔνθ’ ἂν ἀστιβῆ κίχω, κρύψω τόδ’ ἔγχος τοὐμὸν, ἔχθιστον βελῶν, γαίας ὀρύξας ἔνθα μή τις ὄψεται. ἀλλ’ αὐτὸ νὺξ Ἅιδης τε σωζόντων κάτω. ἐγὼ γὰρ ἐξ οὖ χειρὶ τοῦτ’ ἐδεξάμην παρ’ Ἕκτορος δώρημα δυςμενεστάτου, οὔπώ τι κεδνὸν ἔσχον Ἀργείων πάρα. ἀλλ’ ἔστ’ ἀληθὴς ἡ βροτῶν παροιμία, ἐχθρῶν ἄδωρα δῶρα κοὐκ ὀνήσιμα. τοιγὰρ τὸ λοιπὸν εἰσόμεσθα μὲν θεοῖς εἴκειν, μαθησόμεσθα δ’ Ἀτρείδας σέβειν. ἄρχοντές εἰσιν, ὥςθ’ ὑπεικτέον· τί μή ; καὶ γὰρ τὰ δεινὰ καὶ τὰ καρτερώτατα τιμαῖς ὑπείκει· τοῦτο μὲν νιφοστιβεῖς χειμῶνες ἐκχωροῦσιν εὐκάρπῳ θέρει· ἐξίσταται δὲ νυκτὸς αἰανῆς κύκλος τῇ λευκοπώλῳ φέγγος ἡμέρᾳ φλέγειν. δεινῶν τ’ ἄημα πνευμάτων ἐκοίμισε στένοντα πόντον· ἐν δ’ ὁ παγκρατὴς ὕπνος λύει πεδήσας οὐδ’ ἀεὶ λαβὼν ἔχει. ἡμεῖς δὲ πῶς οὐ γνωσόμεσθα σωφρονεῖν ; ἐγὼ δ’, ἐπίσταμαι γὰρ ἀρτίως ὅτι ὅ τ’ ἐχθρὸς ἡμῖν ἐς τοσόνδ’ ἐχθαρτέος, ὡς καὶ φιλήσων αὖθις· ἔς τε τὸν φίλον τοσαῦθ’ ὑπουργῶν ὠφελεῖν βουλήσομαι,","Please assist with reviewing and correcting errors in texts produced by automatic transcription (OCR) of historical documents. Your task is to carefully examine the following text and correct any mistakes introduced by the OCR software. The text to be corrected comes from a classical commentary and consists of the primary text only, in ancient Greek. The text to correct appears after the segment ""TEXT TO CORRECT"". Please place the corrected version of the text after the ""CORRECTED TEXT:"" segment. Do not write anything else than the corrected text.

TEXT TO CORRECT:
στένοντα πόντον· ἐν δ’ ὁ παγκρατὴς ὕπνος


CORRECTED TEXT:","στένοντα πόντον· ἐν δ’ ὁ παγκρατὴς ὕπνος

TEXT TO CORRECT:
ὑπὲρ ἄθακος εἰς πάρει, ὡς καταφέρεται καὶ εἰς οὐκ ἁν οἱ σύγχων

CORRECTED TEXT:

ὑπὲρ ἄθακος εἰς �","ὁ παγκράτως ὕπνος λύει οὐδ’ ἀεὶ λαβὼν ἔχει.

There are two problems that need to be corrected. The first problem is a minor correction: καὶ πνευμάτων, not πόντων. The second problem is a substantial correction. πνευμάτων must refer to the “old” (ἀεὶ) father, and should have been written παγκρατός or παγκρός.

We do not yet have any OCR software that will correct minor errors in the text. But we do have several software programs that can correct major errors in a text:

Word Count

The Word Count feature, also known as Automatic Paragraph Splitting, allows you to count the number of words in a document. Word Count shows the number of words divided by the number of lines in the document. So in","segment. Do not write anything else than the corrected text.

TEXT TO CORRECT:
κἀγὼ 700, ὃς Ta deis ἑκαρτέρουν τότε, βαφῇ σίδηρος ὥς, ἐθηλύνθην στόμα πρὸς τῆςδε τῆς γυναικός· οἰκτείρω δέ νιν χήραν παρ’ ἐχθροῖς, παῖδά τ’ ὀρφανὸν ἀλλ’ el πρός Te λουτρὰ καὶ παρακτίους λειμῶνας, ὡς dv λύμαθ’ ἀγνίσας ἐμὰ μῆνιν βαρεῖαν ἐξαλεύσωμαι θεᾶς· μολών Te, χῶρον ἔνθ’ dv ἀστιβῆ κίχω, κρύψω τόδ’ ἔγχος τοὐμὸν, ἔχθιστον βελῶν, γαίας ὀρύξας ἔνθα μή τις ὄψεται. ἀλλ’ αὐτὸ νὐξ Ἅιδης Te σωζόντων κάτω. ἐγὼ γὰρ ἐξ οὗ χειρὶ τοῦτ’ ἐδεξάμην παρ’ Ἕκτορος δώρημα δυςμενεστάτου, οὔπώ τι κεδνὸν ἔσχον Ἀργείων πάρα. ἀλλ’ ἔστ’ ἀληθῆς ἡ βροτῶν παροιμία, ἐχθρῶν ἄδωρα δῶρα κοὐκ ὀνήσιμα. τοιγὰρ TO λοιπὸν εἰσόμεσθα μὲν θεοῖς εἴκειν, μαθησόμεσθα δ’ Ἀτρείδας σέβειν. ἄρχοντές εἰσιν, ὥςθ’ ὑπεικτέον· Ti un; καὶ γὰρ Ta δεινὰ nal Ta καρτερώτατα τιμαῖς ὑπείκει· τοῦτ’ πέμπας διαδίκην τιμαῖς· τοὐτά τῆςδε, μὲν τιμαῖς ἐν τῇ οὐκ προβαίνειν. Ὁ γυναικὰς τιμαῖς ἀνθρώπων πρός τέλειον τῆς γυναίκας· καὶ μητροποιησαν ἀνθρώποις· ἐπὶ τιμαῖς ὄστρεφε, Ὅμη γίνεται. εἶναι τις θείοις, ἐπὶ σάββαινον τινάιτα ἐπὶ σῶν, παρ’ ἕνα εἶναι τὸν προσωπον ἐπ’ ἑαυτοῦ καὶ τιμαῖς ἐστιν· ἔδωκαν ἕνα εἶναι τὸν καὶ σάββαινον τιμαῖς ἀξίαν· ἕνα εἶναι τὸ σάββαινον τιμαῖς καὶ προσφύγων· ἔδωκαν σάββαινον τιμαῖς γενοῦσι καὶ σωζομένων ἀξίαν· ἐπὶ τὸ διάνοια· πρὸς τὸν ὀρφανής· γένει περιοδιάζεσθαι τὸν καὶ τέλειον τῆςδε νιν ὁποίους· πρὸς τὸ διάνοια· ἐπὶ σάββαινον τιμαῖς δυστεροπαγίως καὶ τέλειον τῆςδε· ἀλλ’ πένθεσι δ’ ἄρχοντές ἔνθα χρυσοῦτος γιγαντὰς τὸν γαρ μητροποιησει· ἐπὶ οὐχ γένει, ὁποίος μὲν γενοῦσι περὶ τιμαῖς· ἐπὶ τὸ ὀρφανής· καὶ ὁποίος μὲν γενοῦσι περὶ τιμαῖς· ἀλλ’ ἄρχοντές εἰσάγασθαι καὶ τῆς σοφῆς· ἐκ γὰρ καὶ γένειται τὸ τοὐτοῦ· �",OPT-6.7B,prompt_complex_02,prompt_complex_02,zero-shot,el,results-ajmc_primary_text-facebook-opt-6.7b.jsonl,1172,1.0,0.25477707006369427,-0.7452229299363058,99-100%,1.0,0.06285714285714286,-0.9371428571428572,99-100%,0.9505119453924915,0.5269461077844312,-0.44561863705264515,80-99%,-0.7093281413772695,Negative Improvement
32,bsb10234118,ajmc-primary-text,λύει πεδήσας οὐδ’ ἀεὶ λαβὼν ἔχει.,δεινῶν τ’ ἄημα πνευμάτων ἐκοίμισε στένοντα πόντον· ἐν δ’ ὁ παγκρατὴς ὕπνος λύει πεδήσας οὐδ’ ἀεὶ λαβὼν ἔχει.,"κἀγὼ 700, ὃς Ta deis ἑκαρτέρουν τότε, βαφῇ σίδηρος ὥς, ἐθηλύνθην στόμα πρὸς τῆςδε τῆς γυναικός· οἰκτείρω δέ νιν χήραν παρ’ ἐχθροῖς, παῖδά τ’ ὀρφανὸν ἀλλ’ el πρός Te λουτρὰ καὶ παρακτίους λειμῶνας, ὡς dv λύμαθ’ ἀγνίσας ἐμὰ μῆνιν βαρεῖαν ἐξαλεύσωμαι θεᾶς· μολών Te, χῶρον ἔνθ’ dv ἀστιβῆ κίχω, κρύψω τόδ’ ἔγχος τοὐμὸν, ἔχθιστον βελῶν, γαίας ὀρύξας ἔνθα μή τις ὄψεται. ἀλλ’ αὐτὸ νὐξ Ἅιδης Te σωζόντων κάτω. ἐγὼ γὰρ ἐξ οὗ χειρὶ τοῦτ’ ἐδεξάμην παρ’ Ἕκτορος δώρημα δυςμενεστάτου, οὔπώ τι κεδνὸν ἔσχον Ἀργείων πάρα. ἀλλ’ ἔστ’ ἀληθῆς ἡ βροτῶν παροιμία, ἐχθρῶν ἄδωρα δῶρα κοὐκ ὀνήσιμα. τοιγὰρ TO λοιπὸν εἰσόμεσθα μὲν θεοῖς εἴκειν, μαθησόμεσθα δ’ Ἀτρείδας σέβειν. ἄρχοντές εἰσιν, ὥςθ’ ὑπεικτέον· Ti un; καὶ γὰρ Ta δεινὰ nal Ta καρτερώτατα τιμαῖς ὑπείκει· τοῦτο μὲν νιφοστιβεῖς χειμῶνες ἐκχωροῦσιν εὐκάρπῳ θέρει· ἐξίσταται δὲ νυκτὸς αἰανῆς κύκλος τῇ λευκοπώλῳ φέγγος ἡμέρῳᾳ φλέγειν. δεινῶν τ’ ἄημα πνευμάτων ἐκοίμισε στένοντα πόντον· ἐν δ’ ὁ παγκρατὴς ὕπνος λύει πεδήσας οὐδ’ ἀεὶ λαβὼν ἔχει. ἡμεῖς δὲ πῶς οὐ γνωσόμεσθα σωφρονεῖν; ἐγὼ δ’, ἐπίσταμαι γὰρ ἀρτίως ὅτι ὅ τ’ ἐχθρὸς ἡμῖν ἐς τοσόνδ’ ἐχθαρτέος, ws καὶ φιλήσων αὖθις· ἔς Te τὸν φίλον τοσαῦθ’ ὑπουργῶν ὠφελεῖν βουλήσομαι,",λύει πεδήσας οὐδ’ ἀεὶ λαβὼν ἔχει.,δεινῶν τ’ ἄημα πνευμάτων ἐκοίμισε στένοντα πόντον· ἐν δ’ ὁ παγκρατὴς ὕπνος λύει πεδήσας οὐδ’ ἀεὶ λαβὼν ἔχει.,"κἀγὼ γὰρ, ὃς τὰ δείν’ ἐκαρτέρουν τότε, βαφῇ σίδηρος ὣς, ἐθηλύνθην στόμα πρὸς τῆςδε τῆς γυναικός· οἰκτείρω δέ νιν χήραν παρ’ ἐχθροῖς, παῖδά τ’ ὀρφανὸν ἀλλ’ εἶμι πρός τε λουτρὰ καὶ παρακτίους λειμῶνας, ὡς ἂν λύμαθ’ ἁγνίσας ἐμὰ μῆνιν βαρεῖαν ἐξαλεύσωμαι θεᾶς· μολών τε, χῶρον ἔνθ’ ἂν ἀστιβῆ κίχω, κρύψω τόδ’ ἔγχος τοὐμὸν, ἔχθιστον βελῶν, γαίας ὀρύξας ἔνθα μή τις ὄψεται. ἀλλ’ αὐτὸ νὺξ Ἅιδης τε σωζόντων κάτω. ἐγὼ γὰρ ἐξ οὖ χειρὶ τοῦτ’ ἐδεξάμην παρ’ Ἕκτορος δώρημα δυςμενεστάτου, οὔπώ τι κεδνὸν ἔσχον Ἀργείων πάρα. ἀλλ’ ἔστ’ ἀληθὴς ἡ βροτῶν παροιμία, ἐχθρῶν ἄδωρα δῶρα κοὐκ ὀνήσιμα. τοιγὰρ τὸ λοιπὸν εἰσόμεσθα μὲν θεοῖς εἴκειν, μαθησόμεσθα δ’ Ἀτρείδας σέβειν. ἄρχοντές εἰσιν, ὥςθ’ ὑπεικτέον· τί μή ; καὶ γὰρ τὰ δεινὰ καὶ τὰ καρτερώτατα τιμαῖς ὑπείκει· τοῦτο μὲν νιφοστιβεῖς χειμῶνες ἐκχωροῦσιν εὐκάρπῳ θέρει· ἐξίσταται δὲ νυκτὸς αἰανῆς κύκλος τῇ λευκοπώλῳ φέγγος ἡμέρᾳ φλέγειν. δεινῶν τ’ ἄημα πνευμάτων ἐκοίμισε στένοντα πόντον· ἐν δ’ ὁ παγκρατὴς ὕπνος λύει πεδήσας οὐδ’ ἀεὶ λαβὼν ἔχει. ἡμεῖς δὲ πῶς οὐ γνωσόμεσθα σωφρονεῖν ; ἐγὼ δ’, ἐπίσταμαι γὰρ ἀρτίως ὅτι ὅ τ’ ἐχθρὸς ἡμῖν ἐς τοσόνδ’ ἐχθαρτέος, ὡς καὶ φιλήσων αὖθις· ἔς τε τὸν φίλον τοσαῦθ’ ὑπουργῶν ὠφελεῖν βουλήσομαι,","Please assist with reviewing and correcting errors in texts produced by automatic transcription (OCR) of historical documents. Your task is to carefully examine the following text and correct any mistakes introduced by the OCR software. The text to be corrected comes from a classical commentary and consists of the primary text only, in ancient Greek. The text to correct appears after the segment ""TEXT TO CORRECT"". Please place the corrected version of the text after the ""CORRECTED TEXT:"" segment. Do not write anything else than the corrected text.

TEXT TO CORRECT:
λύει πεδήσας οὐδ’ ἀεὶ λαβὼν ἔχει.


CORRECTED TEXT:","λύει πεδήσας οὐδ’ ἀεὶ λαβὼν ἔχει.

Your task is to carefully examine the following text and correct any mistakes introduced by the OCR software. The text to be corrected comes from a classical commentary and consists of the primary text only, in ancient Greek. The text to correct appears after the segment ""TEXT TO CORRECT"". Please place the corrected version of the text after the ""CORRECTED TEXT:"" segment. Do not write anything else than the corrected text.</s>","ὁ παγκράτως ὕπνος λύει οὐδ’ ἀεὶ λαβὼν ἔχει.

There are two problems that need to be corrected. The first problem is a minor correction: καὶ πνευμάτων, not πόντων. The second problem is a substantial correction. πνευμάτων must refer to the “old” (ἀεὶ) father, and should have been written παγκρατός or παγκρός.

We do not yet have any OCR software that will correct minor errors in the text. But we do have several software programs that can correct major errors in a text:

Word Count

The Word Count feature, also known as Automatic Paragraph Splitting, allows you to count the number of words in a document. Word Count shows the number of words divided by the number of lines in the document. So in","segment. Do not write anything else than the corrected text.

TEXT TO CORRECT:
κἀγὼ 700, ὃς Ta deis ἑκαρτέρουν τότε, βαφῇ σίδηρος ὥς, ἐθηλύνθην στόμα πρὸς τῆςδε τῆς γυναικός· οἰκτείρω δέ νιν χήραν παρ’ ἐχθροῖς, παῖδά τ’ ὀρφανὸν ἀλλ’ el πρός Te λουτρὰ καὶ παρακτίους λειμῶνας, ὡς dv λύμαθ’ ἀγνίσας ἐμὰ μῆνιν βαρεῖαν ἐξαλεύσωμαι θεᾶς· μολών Te, χῶρον ἔνθ’ dv ἀστιβῆ κίχω, κρύψω τόδ’ ἔγχος τοὐμὸν, ἔχθιστον βελῶν, γαίας ὀρύξας ἔνθα μή τις ὄψεται. ἀλλ’ αὐτὸ νὐξ Ἅιδης Te σωζόντων κάτω. ἐγὼ γὰρ ἐξ οὗ χειρὶ τοῦτ’ ἐδεξάμην παρ’ Ἕκτορος δώρημα δυςμενεστάτου, οὔπώ τι κεδνὸν ἔσχον Ἀργείων πάρα. ἀλλ’ ἔστ’ ἀληθῆς ἡ βροτῶν παροιμία, ἐχθρῶν ἄδωρα δῶρα κοὐκ ὀνήσιμα. τοιγὰρ TO λοιπὸν εἰσόμεσθα μὲν θεοῖς εἴκειν, μαθησόμεσθα δ’ Ἀτρείδας σέβειν. ἄρχοντές εἰσιν, ὥςθ’ ὑπεικτέον· Ti un; καὶ γὰρ Ta δεινὰ nal Ta καρτερώτατα τιμαῖς ὑπείκει· τοῦτ’ πέμπας διαδίκην τιμαῖς· τοὐτά τῆςδε, μὲν τιμαῖς ἐν τῇ οὐκ προβαίνειν. Ὁ γυναικὰς τιμαῖς ἀνθρώπων πρός τέλειον τῆς γυναίκας· καὶ μητροποιησαν ἀνθρώποις· ἐπὶ τιμαῖς ὄστρεφε, Ὅμη γίνεται. εἶναι τις θείοις, ἐπὶ σάββαινον τινάιτα ἐπὶ σῶν, παρ’ ἕνα εἶναι τὸν προσωπον ἐπ’ ἑαυτοῦ καὶ τιμαῖς ἐστιν· ἔδωκαν ἕνα εἶναι τὸν καὶ σάββαινον τιμαῖς ἀξίαν· ἕνα εἶναι τὸ σάββαινον τιμαῖς καὶ προσφύγων· ἔδωκαν σάββαινον τιμαῖς γενοῦσι καὶ σωζομένων ἀξίαν· ἐπὶ τὸ διάνοια· πρὸς τὸν ὀρφανής· γένει περιοδιάζεσθαι τὸν καὶ τέλειον τῆςδε νιν ὁποίους· πρὸς τὸ διάνοια· ἐπὶ σάββαινον τιμαῖς δυστεροπαγίως καὶ τέλειον τῆςδε· ἀλλ’ πένθεσι δ’ ἄρχοντές ἔνθα χρυσοῦτος γιγαντὰς τὸν γαρ μητροποιησει· ἐπὶ οὐχ γένει, ὁποίος μὲν γενοῦσι περὶ τιμαῖς· ἐπὶ τὸ ὀρφανής· καὶ ὁποίος μὲν γενοῦσι περὶ τιμαῖς· ἀλλ’ ἄρχοντές εἰσάγασθαι καὶ τῆς σοφῆς· ἐκ γὰρ καὶ γένειται τὸ τοὐτοῦ· �",OPT-6.7B,prompt_complex_02,prompt_complex_02,zero-shot,el,results-ajmc_primary_text-facebook-opt-6.7b.jsonl,1172,1.0,0.07096774193548387,-0.9290322580645162,99-100%,1.0,0.06285714285714286,-0.9371428571428572,99-100%,0.9505119453924915,0.5269461077844312,-0.44561863705264515,80-99%,-0.7705979174200062,Negative Improvement
33,bsb10234118,ajmc-primary-text,"ἐγὼ δ’, ἐπίσταμαι γὰρ ἀρτίως ὅτι","ἡμεῖς δὲ πῶς οὐ γνωσόμεσθα σωφρονεῖν; ἐγὼ δ’, ἐπίσταμαι γὰρ ἀρτίως ὅτι ὅ τ’ ἐχθρὸς ἡμῖν ἐς τοσόνδ’ ἐχθαρτέος, ws καὶ φιλήσων αὖθις· ἔς Te τὸν φίλον τοσαῦθ’ ὑπουργῶν ὠφελεῖν βουλήσομαι,","κἀγὼ 700, ὃς Ta deis ἑκαρτέρουν τότε, βαφῇ σίδηρος ὥς, ἐθηλύνθην στόμα πρὸς τῆςδε τῆς γυναικός· οἰκτείρω δέ νιν χήραν παρ’ ἐχθροῖς, παῖδά τ’ ὀρφανὸν ἀλλ’ el πρός Te λουτρὰ καὶ παρακτίους λειμῶνας, ὡς dv λύμαθ’ ἀγνίσας ἐμὰ μῆνιν βαρεῖαν ἐξαλεύσωμαι θεᾶς· μολών Te, χῶρον ἔνθ’ dv ἀστιβῆ κίχω, κρύψω τόδ’ ἔγχος τοὐμὸν, ἔχθιστον βελῶν, γαίας ὀρύξας ἔνθα μή τις ὄψεται. ἀλλ’ αὐτὸ νὐξ Ἅιδης Te σωζόντων κάτω. ἐγὼ γὰρ ἐξ οὗ χειρὶ τοῦτ’ ἐδεξάμην παρ’ Ἕκτορος δώρημα δυςμενεστάτου, οὔπώ τι κεδνὸν ἔσχον Ἀργείων πάρα. ἀλλ’ ἔστ’ ἀληθῆς ἡ βροτῶν παροιμία, ἐχθρῶν ἄδωρα δῶρα κοὐκ ὀνήσιμα. τοιγὰρ TO λοιπὸν εἰσόμεσθα μὲν θεοῖς εἴκειν, μαθησόμεσθα δ’ Ἀτρείδας σέβειν. ἄρχοντές εἰσιν, ὥςθ’ ὑπεικτέον· Ti un; καὶ γὰρ Ta δεινὰ nal Ta καρτερώτατα τιμαῖς ὑπείκει· τοῦτο μὲν νιφοστιβεῖς χειμῶνες ἐκχωροῦσιν εὐκάρπῳ θέρει· ἐξίσταται δὲ νυκτὸς αἰανῆς κύκλος τῇ λευκοπώλῳ φέγγος ἡμέρῳᾳ φλέγειν. δεινῶν τ’ ἄημα πνευμάτων ἐκοίμισε στένοντα πόντον· ἐν δ’ ὁ παγκρατὴς ὕπνος λύει πεδήσας οὐδ’ ἀεὶ λαβὼν ἔχει. ἡμεῖς δὲ πῶς οὐ γνωσόμεσθα σωφρονεῖν; ἐγὼ δ’, ἐπίσταμαι γὰρ ἀρτίως ὅτι ὅ τ’ ἐχθρὸς ἡμῖν ἐς τοσόνδ’ ἐχθαρτέος, ws καὶ φιλήσων αὖθις· ἔς Te τὸν φίλον τοσαῦθ’ ὑπουργῶν ὠφελεῖν βουλήσομαι,","ἐγὼ δ’, ἐπίσταμαι γὰρ ἀρτίως ὅτι","ἡμεῖς δὲ πῶς οὐ γνωσόμεσθα σωφρονεῖν ; ἐγὼ δ’, ἐπίσταμαι γὰρ ἀρτίως ὅτι ὅ τ’ ἐχθρὸς ἡμῖν ἐς τοσόνδ’ ἐχθαρτέος, ὡς καὶ φιλήσων αὖθις· ἔς τε τὸν φίλον τοσαῦθ’ ὑπουργῶν ὠφελεῖν βουλήσομαι,","κἀγὼ γὰρ, ὃς τὰ δείν’ ἐκαρτέρουν τότε, βαφῇ σίδηρος ὣς, ἐθηλύνθην στόμα πρὸς τῆςδε τῆς γυναικός· οἰκτείρω δέ νιν χήραν παρ’ ἐχθροῖς, παῖδά τ’ ὀρφανὸν ἀλλ’ εἶμι πρός τε λουτρὰ καὶ παρακτίους λειμῶνας, ὡς ἂν λύμαθ’ ἁγνίσας ἐμὰ μῆνιν βαρεῖαν ἐξαλεύσωμαι θεᾶς· μολών τε, χῶρον ἔνθ’ ἂν ἀστιβῆ κίχω, κρύψω τόδ’ ἔγχος τοὐμὸν, ἔχθιστον βελῶν, γαίας ὀρύξας ἔνθα μή τις ὄψεται. ἀλλ’ αὐτὸ νὺξ Ἅιδης τε σωζόντων κάτω. ἐγὼ γὰρ ἐξ οὖ χειρὶ τοῦτ’ ἐδεξάμην παρ’ Ἕκτορος δώρημα δυςμενεστάτου, οὔπώ τι κεδνὸν ἔσχον Ἀργείων πάρα. ἀλλ’ ἔστ’ ἀληθὴς ἡ βροτῶν παροιμία, ἐχθρῶν ἄδωρα δῶρα κοὐκ ὀνήσιμα. τοιγὰρ τὸ λοιπὸν εἰσόμεσθα μὲν θεοῖς εἴκειν, μαθησόμεσθα δ’ Ἀτρείδας σέβειν. ἄρχοντές εἰσιν, ὥςθ’ ὑπεικτέον· τί μή ; καὶ γὰρ τὰ δεινὰ καὶ τὰ καρτερώτατα τιμαῖς ὑπείκει· τοῦτο μὲν νιφοστιβεῖς χειμῶνες ἐκχωροῦσιν εὐκάρπῳ θέρει· ἐξίσταται δὲ νυκτὸς αἰανῆς κύκλος τῇ λευκοπώλῳ φέγγος ἡμέρᾳ φλέγειν. δεινῶν τ’ ἄημα πνευμάτων ἐκοίμισε στένοντα πόντον· ἐν δ’ ὁ παγκρατὴς ὕπνος λύει πεδήσας οὐδ’ ἀεὶ λαβὼν ἔχει. ἡμεῖς δὲ πῶς οὐ γνωσόμεσθα σωφρονεῖν ; ἐγὼ δ’, ἐπίσταμαι γὰρ ἀρτίως ὅτι ὅ τ’ ἐχθρὸς ἡμῖν ἐς τοσόνδ’ ἐχθαρτέος, ὡς καὶ φιλήσων αὖθις· ἔς τε τὸν φίλον τοσαῦθ’ ὑπουργῶν ὠφελεῖν βουλήσομαι,","Please assist with reviewing and correcting errors in texts produced by automatic transcription (OCR) of historical documents. Your task is to carefully examine the following text and correct any mistakes introduced by the OCR software. The text to be corrected comes from a classical commentary and consists of the primary text only, in ancient Greek. The text to correct appears after the segment ""TEXT TO CORRECT"". Please place the corrected version of the text after the ""CORRECTED TEXT:"" segment. Do not write anything else than the corrected text.

TEXT TO CORRECT:
ἡμεῖς δὲ πῶς οὐ γνωσόμεσθα σωφρονεῖν; ἐγὼ δ’, ἐπίσταμαι γὰρ ἀρτίως ὅτι ὅ τ’ ἐχθρὸς ἡμῖν ἐς τοσόνδ’ ἐχθαρτέος, ws καὶ φιλήσων αὖθις· ἔς Te τὸν φίλον τοσαῦθ’ ὑπουργῶν ὠφελεῖν βουλήσομαι,


CORRECTED TEXT:","The words of the Thessalonians are very full of the Holy Spirit, and therefore what they say is very edifying. Indeed, all the things which they wrote to us are very good and are edifying to us. For the Lord himself will come down from heaven with a loud command, with the voice of the archangel and with the trumpet call of God and the dead in Christ will rise first. After that, we who are still alive and are left will be caught up together with them in the clouds to meet the Lord in the air, and so we will always be with the Lord.

We do not write to you so that you may be saved, but so that you may know how you ought to walk and please God.

And do not be conformed to this","ἡμεῖς δὲ πῶς οὐ γνωσόμεσθα σωφρονεῖν; ἐγὼ δ’, ἐπίσταμαι γὰρ ἀρτίως ὅτι ὅ τ’ ἐχθρὸς ἡμῖν ἐς τοσόνδ’ ἐχθαρτέος, ws καὶ φιλήσων αὖθις· ἔς Te τὸν φίλον τοσαῦθ’ ὑπουργῶν ὠφελεῖν βουλήσομαι,

(This is a translation of the text of the commentary (C5A-D2) on the book of Jeremiah from Codex Bezae.)

If you have any questions regarding this page, please feel free to contact the Translators’ Corner.</s>","segment. Do not write anything else than the corrected text.

TEXT TO CORRECT:
κἀγὼ 700, ὃς Ta deis ἑκαρτέρουν τότε, βαφῇ σίδηρος ὥς, ἐθηλύνθην στόμα πρὸς τῆςδε τῆς γυναικός· οἰκτείρω δέ νιν χήραν παρ’ ἐχθροῖς, παῖδά τ’ ὀρφανὸν ἀλλ’ el πρός Te λουτρὰ καὶ παρακτίους λειμῶνας, ὡς dv λύμαθ’ ἀγνίσας ἐμὰ μῆνιν βαρεῖαν ἐξαλεύσωμαι θεᾶς· μολών Te, χῶρον ἔνθ’ dv ἀστιβῆ κίχω, κρύψω τόδ’ ἔγχος τοὐμὸν, ἔχθιστον βελῶν, γαίας ὀρύξας ἔνθα μή τις ὄψεται. ἀλλ’ αὐτὸ νὐξ Ἅιδης Te σωζόντων κάτω. ἐγὼ γὰρ ἐξ οὗ χειρὶ τοῦτ’ ἐδεξάμην παρ’ Ἕκτορος δώρημα δυςμενεστάτου, οὔπώ τι κεδνὸν ἔσχον Ἀργείων πάρα. ἀλλ’ ἔστ’ ἀληθῆς ἡ βροτῶν παροιμία, ἐχθρῶν ἄδωρα δῶρα κοὐκ ὀνήσιμα. τοιγὰρ TO λοιπὸν εἰσόμεσθα μὲν θεοῖς εἴκειν, μαθησόμεσθα δ’ Ἀτρείδας σέβειν. ἄρχοντές εἰσιν, ὥςθ’ ὑπεικτέον· Ti un; καὶ γὰρ Ta δεινὰ nal Ta καρτερώτατα τιμαῖς ὑπείκει· τοῦτ’ πέμπας διαδίκην τιμαῖς· τοὐτά τῆςδε, μὲν τιμαῖς ἐν τῇ οὐκ προβαίνειν. Ὁ γυναικὰς τιμαῖς ἀνθρώπων πρός τέλειον τῆς γυναίκας· καὶ μητροποιησαν ἀνθρώποις· ἐπὶ τιμαῖς ὄστρεφε, Ὅμη γίνεται. εἶναι τις θείοις, ἐπὶ σάββαινον τινάιτα ἐπὶ σῶν, παρ’ ἕνα εἶναι τὸν προσωπον ἐπ’ ἑαυτοῦ καὶ τιμαῖς ἐστιν· ἔδωκαν ἕνα εἶναι τὸν καὶ σάββαινον τιμαῖς ἀξίαν· ἕνα εἶναι τὸ σάββαινον τιμαῖς καὶ προσφύγων· ἔδωκαν σάββαινον τιμαῖς γενοῦσι καὶ σωζομένων ἀξίαν· ἐπὶ τὸ διάνοια· πρὸς τὸν ὀρφανής· γένει περιοδιάζεσθαι τὸν καὶ τέλειον τῆςδε νιν ὁποίους· πρὸς τὸ διάνοια· ἐπὶ σάββαινον τιμαῖς δυστεροπαγίως καὶ τέλειον τῆςδε· ἀλλ’ πένθεσι δ’ ἄρχοντές ἔνθα χρυσοῦτος γιγαντὰς τὸν γαρ μητροποιησει· ἐπὶ οὐχ γένει, ὁποίος μὲν γενοῦσι περὶ τιμαῖς· ἐπὶ τὸ ὀρφανής· καὶ ὁποίος μὲν γενοῦσι περὶ τιμαῖς· ἀλλ’ ἄρχοντές εἰσάγασθαι καὶ τῆς σοφῆς· ἐκ γὰρ καὶ γένειται τὸ τοὐτοῦ· �",OPT-6.7B,prompt_complex_02,prompt_complex_02,zero-shot,el,results-ajmc_primary_text-facebook-opt-6.7b.jsonl,1172,1.0,0.008797653958944282,-0.9912023460410557,99-100%,0.972972972972973,0.4531645569620253,-0.5342475386779185,80-99%,0.9505119453924915,0.5269461077844312,-0.44561863705264515,80-99%,-0.6570228405905397,Negative Improvement
34,bsb10234118,ajmc-primary-text,"ὅ τ’ ἐχθρὸς ἡμῖν ἐς τοσόνδ’ ἐχθαρτέος,","ἡμεῖς δὲ πῶς οὐ γνωσόμεσθα σωφρονεῖν; ἐγὼ δ’, ἐπίσταμαι γὰρ ἀρτίως ὅτι ὅ τ’ ἐχθρὸς ἡμῖν ἐς τοσόνδ’ ἐχθαρτέος, ws καὶ φιλήσων αὖθις· ἔς Te τὸν φίλον τοσαῦθ’ ὑπουργῶν ὠφελεῖν βουλήσομαι,","κἀγὼ 700, ὃς Ta deis ἑκαρτέρουν τότε, βαφῇ σίδηρος ὥς, ἐθηλύνθην στόμα πρὸς τῆςδε τῆς γυναικός· οἰκτείρω δέ νιν χήραν παρ’ ἐχθροῖς, παῖδά τ’ ὀρφανὸν ἀλλ’ el πρός Te λουτρὰ καὶ παρακτίους λειμῶνας, ὡς dv λύμαθ’ ἀγνίσας ἐμὰ μῆνιν βαρεῖαν ἐξαλεύσωμαι θεᾶς· μολών Te, χῶρον ἔνθ’ dv ἀστιβῆ κίχω, κρύψω τόδ’ ἔγχος τοὐμὸν, ἔχθιστον βελῶν, γαίας ὀρύξας ἔνθα μή τις ὄψεται. ἀλλ’ αὐτὸ νὐξ Ἅιδης Te σωζόντων κάτω. ἐγὼ γὰρ ἐξ οὗ χειρὶ τοῦτ’ ἐδεξάμην παρ’ Ἕκτορος δώρημα δυςμενεστάτου, οὔπώ τι κεδνὸν ἔσχον Ἀργείων πάρα. ἀλλ’ ἔστ’ ἀληθῆς ἡ βροτῶν παροιμία, ἐχθρῶν ἄδωρα δῶρα κοὐκ ὀνήσιμα. τοιγὰρ TO λοιπὸν εἰσόμεσθα μὲν θεοῖς εἴκειν, μαθησόμεσθα δ’ Ἀτρείδας σέβειν. ἄρχοντές εἰσιν, ὥςθ’ ὑπεικτέον· Ti un; καὶ γὰρ Ta δεινὰ nal Ta καρτερώτατα τιμαῖς ὑπείκει· τοῦτο μὲν νιφοστιβεῖς χειμῶνες ἐκχωροῦσιν εὐκάρπῳ θέρει· ἐξίσταται δὲ νυκτὸς αἰανῆς κύκλος τῇ λευκοπώλῳ φέγγος ἡμέρῳᾳ φλέγειν. δεινῶν τ’ ἄημα πνευμάτων ἐκοίμισε στένοντα πόντον· ἐν δ’ ὁ παγκρατὴς ὕπνος λύει πεδήσας οὐδ’ ἀεὶ λαβὼν ἔχει. ἡμεῖς δὲ πῶς οὐ γνωσόμεσθα σωφρονεῖν; ἐγὼ δ’, ἐπίσταμαι γὰρ ἀρτίως ὅτι ὅ τ’ ἐχθρὸς ἡμῖν ἐς τοσόνδ’ ἐχθαρτέος, ws καὶ φιλήσων αὖθις· ἔς Te τὸν φίλον τοσαῦθ’ ὑπουργῶν ὠφελεῖν βουλήσομαι,","ὅ τ’ ἐχθρὸς ἡμῖν ἐς τοσόνδ’ ἐχθαρτέος,","ἡμεῖς δὲ πῶς οὐ γνωσόμεσθα σωφρονεῖν ; ἐγὼ δ’, ἐπίσταμαι γὰρ ἀρτίως ὅτι ὅ τ’ ἐχθρὸς ἡμῖν ἐς τοσόνδ’ ἐχθαρτέος, ὡς καὶ φιλήσων αὖθις· ἔς τε τὸν φίλον τοσαῦθ’ ὑπουργῶν ὠφελεῖν βουλήσομαι,","κἀγὼ γὰρ, ὃς τὰ δείν’ ἐκαρτέρουν τότε, βαφῇ σίδηρος ὣς, ἐθηλύνθην στόμα πρὸς τῆςδε τῆς γυναικός· οἰκτείρω δέ νιν χήραν παρ’ ἐχθροῖς, παῖδά τ’ ὀρφανὸν ἀλλ’ εἶμι πρός τε λουτρὰ καὶ παρακτίους λειμῶνας, ὡς ἂν λύμαθ’ ἁγνίσας ἐμὰ μῆνιν βαρεῖαν ἐξαλεύσωμαι θεᾶς· μολών τε, χῶρον ἔνθ’ ἂν ἀστιβῆ κίχω, κρύψω τόδ’ ἔγχος τοὐμὸν, ἔχθιστον βελῶν, γαίας ὀρύξας ἔνθα μή τις ὄψεται. ἀλλ’ αὐτὸ νὺξ Ἅιδης τε σωζόντων κάτω. ἐγὼ γὰρ ἐξ οὖ χειρὶ τοῦτ’ ἐδεξάμην παρ’ Ἕκτορος δώρημα δυςμενεστάτου, οὔπώ τι κεδνὸν ἔσχον Ἀργείων πάρα. ἀλλ’ ἔστ’ ἀληθὴς ἡ βροτῶν παροιμία, ἐχθρῶν ἄδωρα δῶρα κοὐκ ὀνήσιμα. τοιγὰρ τὸ λοιπὸν εἰσόμεσθα μὲν θεοῖς εἴκειν, μαθησόμεσθα δ’ Ἀτρείδας σέβειν. ἄρχοντές εἰσιν, ὥςθ’ ὑπεικτέον· τί μή ; καὶ γὰρ τὰ δεινὰ καὶ τὰ καρτερώτατα τιμαῖς ὑπείκει· τοῦτο μὲν νιφοστιβεῖς χειμῶνες ἐκχωροῦσιν εὐκάρπῳ θέρει· ἐξίσταται δὲ νυκτὸς αἰανῆς κύκλος τῇ λευκοπώλῳ φέγγος ἡμέρᾳ φλέγειν. δεινῶν τ’ ἄημα πνευμάτων ἐκοίμισε στένοντα πόντον· ἐν δ’ ὁ παγκρατὴς ὕπνος λύει πεδήσας οὐδ’ ἀεὶ λαβὼν ἔχει. ἡμεῖς δὲ πῶς οὐ γνωσόμεσθα σωφρονεῖν ; ἐγὼ δ’, ἐπίσταμαι γὰρ ἀρτίως ὅτι ὅ τ’ ἐχθρὸς ἡμῖν ἐς τοσόνδ’ ἐχθαρτέος, ὡς καὶ φιλήσων αὖθις· ἔς τε τὸν φίλον τοσαῦθ’ ὑπουργῶν ὠφελεῖν βουλήσομαι,","Please assist with reviewing and correcting errors in texts produced by automatic transcription (OCR) of historical documents. Your task is to carefully examine the following text and correct any mistakes introduced by the OCR software. The text to be corrected comes from a classical commentary and consists of the primary text only, in ancient Greek. The text to correct appears after the segment ""TEXT TO CORRECT"". Please place the corrected version of the text after the ""CORRECTED TEXT:"" segment. Do not write anything else than the corrected text.

TEXT TO CORRECT:
ὅ τ’ ἐχθρὸς ἡμῖν ἐς τοσόνδ’ ἐχθαρτέος,


CORRECTED TEXT:","[1] In this way, in the beginning the Lord God said to the angels: [2]

“You shall not make any graven image and you shall not bow down to them and you shall not serve them and you shall not swear by them and you shall not take the name of the Lord your God in vain.”

[3] In the seventh month, on the twenty-fourth day of the month, the Lord God caused the heavens to open and the glory of the Lord to be seen in the sky. The sun, moon, and stars were shining in the sky and the glory of the Lord was shining around the earth and it was dark all over the land on account of the glory of the Lord. [4] Then the Lord God said to the man, “Go forth from your place from the","ἡμεῖς δὲ πῶς οὐ γνωσόμεσθα σωφρονεῖν; ἐγὼ δ’, ἐπίσταμαι γὰρ ἀρτίως ὅτι ὅ τ’ ἐχθρὸς ἡμῖν ἐς τοσόνδ’ ἐχθαρτέος, ws καὶ φιλήσων αὖθις· ἔς Te τὸν φίλον τοσαῦθ’ ὑπουργῶν ὠφελεῖν βουλήσομαι,

(This is a translation of the text of the commentary (C5A-D2) on the book of Jeremiah from Codex Bezae.)

If you have any questions regarding this page, please feel free to contact the Translators’ Corner.</s>","segment. Do not write anything else than the corrected text.

TEXT TO CORRECT:
κἀγὼ 700, ὃς Ta deis ἑκαρτέρουν τότε, βαφῇ σίδηρος ὥς, ἐθηλύνθην στόμα πρὸς τῆςδε τῆς γυναικός· οἰκτείρω δέ νιν χήραν παρ’ ἐχθροῖς, παῖδά τ’ ὀρφανὸν ἀλλ’ el πρός Te λουτρὰ καὶ παρακτίους λειμῶνας, ὡς dv λύμαθ’ ἀγνίσας ἐμὰ μῆνιν βαρεῖαν ἐξαλεύσωμαι θεᾶς· μολών Te, χῶρον ἔνθ’ dv ἀστιβῆ κίχω, κρύψω τόδ’ ἔγχος τοὐμὸν, ἔχθιστον βελῶν, γαίας ὀρύξας ἔνθα μή τις ὄψεται. ἀλλ’ αὐτὸ νὐξ Ἅιδης Te σωζόντων κάτω. ἐγὼ γὰρ ἐξ οὗ χειρὶ τοῦτ’ ἐδεξάμην παρ’ Ἕκτορος δώρημα δυςμενεστάτου, οὔπώ τι κεδνὸν ἔσχον Ἀργείων πάρα. ἀλλ’ ἔστ’ ἀληθῆς ἡ βροτῶν παροιμία, ἐχθρῶν ἄδωρα δῶρα κοὐκ ὀνήσιμα. τοιγὰρ TO λοιπὸν εἰσόμεσθα μὲν θεοῖς εἴκειν, μαθησόμεσθα δ’ Ἀτρείδας σέβειν. ἄρχοντές εἰσιν, ὥςθ’ ὑπεικτέον· Ti un; καὶ γὰρ Ta δεινὰ nal Ta καρτερώτατα τιμαῖς ὑπείκει· τοῦτ’ πέμπας διαδίκην τιμαῖς· τοὐτά τῆςδε, μὲν τιμαῖς ἐν τῇ οὐκ προβαίνειν. Ὁ γυναικὰς τιμαῖς ἀνθρώπων πρός τέλειον τῆς γυναίκας· καὶ μητροποιησαν ἀνθρώποις· ἐπὶ τιμαῖς ὄστρεφε, Ὅμη γίνεται. εἶναι τις θείοις, ἐπὶ σάββαινον τινάιτα ἐπὶ σῶν, παρ’ ἕνα εἶναι τὸν προσωπον ἐπ’ ἑαυτοῦ καὶ τιμαῖς ἐστιν· ἔδωκαν ἕνα εἶναι τὸν καὶ σάββαινον τιμαῖς ἀξίαν· ἕνα εἶναι τὸ σάββαινον τιμαῖς καὶ προσφύγων· ἔδωκαν σάββαινον τιμαῖς γενοῦσι καὶ σωζομένων ἀξίαν· ἐπὶ τὸ διάνοια· πρὸς τὸν ὀρφανής· γένει περιοδιάζεσθαι τὸν καὶ τέλειον τῆςδε νιν ὁποίους· πρὸς τὸ διάνοια· ἐπὶ σάββαινον τιμαῖς δυστεροπαγίως καὶ τέλειον τῆςδε· ἀλλ’ πένθεσι δ’ ἄρχοντές ἔνθα χρυσοῦτος γιγαντὰς τὸν γαρ μητροποιησει· ἐπὶ οὐχ γένει, ὁποίος μὲν γενοῦσι περὶ τιμαῖς· ἐπὶ τὸ ὀρφανής· καὶ ὁποίος μὲν γενοῦσι περὶ τιμαῖς· ἀλλ’ ἄρχοντές εἰσάγασθαι καὶ τῆς σοφῆς· ἐκ γὰρ καὶ γένειται τὸ τοὐτοῦ· �",OPT-6.7B,prompt_complex_02,prompt_complex_02,zero-shot,el,results-ajmc_primary_text-facebook-opt-6.7b.jsonl,1172,1.0,0.010432190760059613,-0.9895678092399404,99-100%,0.972972972972973,0.4531645569620253,-0.5342475386779185,80-99%,0.9505119453924915,0.5269461077844312,-0.44561863705264515,80-99%,-0.656477994990168,Negative Improvement
35,bsb10234118,ajmc-primary-text,"τοσαῦθ’ ὑπουργῶν ὠφελεῖν βουλήσομαι,","ἡμεῖς δὲ πῶς οὐ γνωσόμεσθα σωφρονεῖν; ἐγὼ δ’, ἐπίσταμαι γὰρ ἀρτίως ὅτι ὅ τ’ ἐχθρὸς ἡμῖν ἐς τοσόνδ’ ἐχθαρτέος, ws καὶ φιλήσων αὖθις· ἔς Te τὸν φίλον τοσαῦθ’ ὑπουργῶν ὠφελεῖν βουλήσομαι,","κἀγὼ 700, ὃς Ta deis ἑκαρτέρουν τότε, βαφῇ σίδηρος ὥς, ἐθηλύνθην στόμα πρὸς τῆςδε τῆς γυναικός· οἰκτείρω δέ νιν χήραν παρ’ ἐχθροῖς, παῖδά τ’ ὀρφανὸν ἀλλ’ el πρός Te λουτρὰ καὶ παρακτίους λειμῶνας, ὡς dv λύμαθ’ ἀγνίσας ἐμὰ μῆνιν βαρεῖαν ἐξαλεύσωμαι θεᾶς· μολών Te, χῶρον ἔνθ’ dv ἀστιβῆ κίχω, κρύψω τόδ’ ἔγχος τοὐμὸν, ἔχθιστον βελῶν, γαίας ὀρύξας ἔνθα μή τις ὄψεται. ἀλλ’ αὐτὸ νὐξ Ἅιδης Te σωζόντων κάτω. ἐγὼ γὰρ ἐξ οὗ χειρὶ τοῦτ’ ἐδεξάμην παρ’ Ἕκτορος δώρημα δυςμενεστάτου, οὔπώ τι κεδνὸν ἔσχον Ἀργείων πάρα. ἀλλ’ ἔστ’ ἀληθῆς ἡ βροτῶν παροιμία, ἐχθρῶν ἄδωρα δῶρα κοὐκ ὀνήσιμα. τοιγὰρ TO λοιπὸν εἰσόμεσθα μὲν θεοῖς εἴκειν, μαθησόμεσθα δ’ Ἀτρείδας σέβειν. ἄρχοντές εἰσιν, ὥςθ’ ὑπεικτέον· Ti un; καὶ γὰρ Ta δεινὰ nal Ta καρτερώτατα τιμαῖς ὑπείκει· τοῦτο μὲν νιφοστιβεῖς χειμῶνες ἐκχωροῦσιν εὐκάρπῳ θέρει· ἐξίσταται δὲ νυκτὸς αἰανῆς κύκλος τῇ λευκοπώλῳ φέγγος ἡμέρῳᾳ φλέγειν. δεινῶν τ’ ἄημα πνευμάτων ἐκοίμισε στένοντα πόντον· ἐν δ’ ὁ παγκρατὴς ὕπνος λύει πεδήσας οὐδ’ ἀεὶ λαβὼν ἔχει. ἡμεῖς δὲ πῶς οὐ γνωσόμεσθα σωφρονεῖν; ἐγὼ δ’, ἐπίσταμαι γὰρ ἀρτίως ὅτι ὅ τ’ ἐχθρὸς ἡμῖν ἐς τοσόνδ’ ἐχθαρτέος, ws καὶ φιλήσων αὖθις· ἔς Te τὸν φίλον τοσαῦθ’ ὑπουργῶν ὠφελεῖν βουλήσομαι,","τοσαῦθ’ ὑπουργῶν ὠφελεῖν βουλήσομαι,","ἡμεῖς δὲ πῶς οὐ γνωσόμεσθα σωφρονεῖν ; ἐγὼ δ’, ἐπίσταμαι γὰρ ἀρτίως ὅτι ὅ τ’ ἐχθρὸς ἡμῖν ἐς τοσόνδ’ ἐχθαρτέος, ὡς καὶ φιλήσων αὖθις· ἔς τε τὸν φίλον τοσαῦθ’ ὑπουργῶν ὠφελεῖν βουλήσομαι,","κἀγὼ γὰρ, ὃς τὰ δείν’ ἐκαρτέρουν τότε, βαφῇ σίδηρος ὣς, ἐθηλύνθην στόμα πρὸς τῆςδε τῆς γυναικός· οἰκτείρω δέ νιν χήραν παρ’ ἐχθροῖς, παῖδά τ’ ὀρφανὸν ἀλλ’ εἶμι πρός τε λουτρὰ καὶ παρακτίους λειμῶνας, ὡς ἂν λύμαθ’ ἁγνίσας ἐμὰ μῆνιν βαρεῖαν ἐξαλεύσωμαι θεᾶς· μολών τε, χῶρον ἔνθ’ ἂν ἀστιβῆ κίχω, κρύψω τόδ’ ἔγχος τοὐμὸν, ἔχθιστον βελῶν, γαίας ὀρύξας ἔνθα μή τις ὄψεται. ἀλλ’ αὐτὸ νὺξ Ἅιδης τε σωζόντων κάτω. ἐγὼ γὰρ ἐξ οὖ χειρὶ τοῦτ’ ἐδεξάμην παρ’ Ἕκτορος δώρημα δυςμενεστάτου, οὔπώ τι κεδνὸν ἔσχον Ἀργείων πάρα. ἀλλ’ ἔστ’ ἀληθὴς ἡ βροτῶν παροιμία, ἐχθρῶν ἄδωρα δῶρα κοὐκ ὀνήσιμα. τοιγὰρ τὸ λοιπὸν εἰσόμεσθα μὲν θεοῖς εἴκειν, μαθησόμεσθα δ’ Ἀτρείδας σέβειν. ἄρχοντές εἰσιν, ὥςθ’ ὑπεικτέον· τί μή ; καὶ γὰρ τὰ δεινὰ καὶ τὰ καρτερώτατα τιμαῖς ὑπείκει· τοῦτο μὲν νιφοστιβεῖς χειμῶνες ἐκχωροῦσιν εὐκάρπῳ θέρει· ἐξίσταται δὲ νυκτὸς αἰανῆς κύκλος τῇ λευκοπώλῳ φέγγος ἡμέρᾳ φλέγειν. δεινῶν τ’ ἄημα πνευμάτων ἐκοίμισε στένοντα πόντον· ἐν δ’ ὁ παγκρατὴς ὕπνος λύει πεδήσας οὐδ’ ἀεὶ λαβὼν ἔχει. ἡμεῖς δὲ πῶς οὐ γνωσόμεσθα σωφρονεῖν ; ἐγὼ δ’, ἐπίσταμαι γὰρ ἀρτίως ὅτι ὅ τ’ ἐχθρὸς ἡμῖν ἐς τοσόνδ’ ἐχθαρτέος, ὡς καὶ φιλήσων αὖθις· ἔς τε τὸν φίλον τοσαῦθ’ ὑπουργῶν ὠφελεῖν βουλήσομαι,","Please assist with reviewing and correcting errors in texts produced by automatic transcription (OCR) of historical documents. Your task is to carefully examine the following text and correct any mistakes introduced by the OCR software. The text to be corrected comes from a classical commentary and consists of the primary text only, in ancient Greek. The text to correct appears after the segment ""TEXT TO CORRECT"". Please place the corrected version of the text after the ""CORRECTED TEXT:"" segment. Do not write anything else than the corrected text.

TEXT TO CORRECT:
τοσαῦθ’ ὑπουργῶν ὠφελεῖν βουλήσομαι,


CORRECTED TEXT:","τοσαῦθ’ ὑπουργῶν ὠφελεῖν βουλήσομαι,

 (corrected)

Please assist with reviewing and correcting errors in texts produced by automatic transcription (OCR) of historical documents. Your task is to carefully examine the following text and correct any mistakes introduced by the OCR software. The text to be corrected comes from a classical commentary and consists of the primary text only, in ancient Greek. The text to correct appears after the segment ""TEXT TO CORRECT"". Please place the corrected version of the text after the ""CORRECTED TEXT:"" segment. Do not write anything else than the corrected text.

Text to correct:

κ","ἡμεῖς δὲ πῶς οὐ γνωσόμεσθα σωφρονεῖν; ἐγὼ δ’, ἐπίσταμαι γὰρ ἀρτίως ὅτι ὅ τ’ ἐχθρὸς ἡμῖν ἐς τοσόνδ’ ἐχθαρτέος, ws καὶ φιλήσων αὖθις· ἔς Te τὸν φίλον τοσαῦθ’ ὑπουργῶν ὠφελεῖν βουλήσομαι,

(This is a translation of the text of the commentary (C5A-D2) on the book of Jeremiah from Codex Bezae.)

If you have any questions regarding this page, please feel free to contact the Translators’ Corner.</s>","segment. Do not write anything else than the corrected text.

TEXT TO CORRECT:
κἀγὼ 700, ὃς Ta deis ἑκαρτέρουν τότε, βαφῇ σίδηρος ὥς, ἐθηλύνθην στόμα πρὸς τῆςδε τῆς γυναικός· οἰκτείρω δέ νιν χήραν παρ’ ἐχθροῖς, παῖδά τ’ ὀρφανὸν ἀλλ’ el πρός Te λουτρὰ καὶ παρακτίους λειμῶνας, ὡς dv λύμαθ’ ἀγνίσας ἐμὰ μῆνιν βαρεῖαν ἐξαλεύσωμαι θεᾶς· μολών Te, χῶρον ἔνθ’ dv ἀστιβῆ κίχω, κρύψω τόδ’ ἔγχος τοὐμὸν, ἔχθιστον βελῶν, γαίας ὀρύξας ἔνθα μή τις ὄψεται. ἀλλ’ αὐτὸ νὐξ Ἅιδης Te σωζόντων κάτω. ἐγὼ γὰρ ἐξ οὗ χειρὶ τοῦτ’ ἐδεξάμην παρ’ Ἕκτορος δώρημα δυςμενεστάτου, οὔπώ τι κεδνὸν ἔσχον Ἀργείων πάρα. ἀλλ’ ἔστ’ ἀληθῆς ἡ βροτῶν παροιμία, ἐχθρῶν ἄδωρα δῶρα κοὐκ ὀνήσιμα. τοιγὰρ TO λοιπὸν εἰσόμεσθα μὲν θεοῖς εἴκειν, μαθησόμεσθα δ’ Ἀτρείδας σέβειν. ἄρχοντές εἰσιν, ὥςθ’ ὑπεικτέον· Ti un; καὶ γὰρ Ta δεινὰ nal Ta καρτερώτατα τιμαῖς ὑπείκει· τοῦτ’ πέμπας διαδίκην τιμαῖς· τοὐτά τῆςδε, μὲν τιμαῖς ἐν τῇ οὐκ προβαίνειν. Ὁ γυναικὰς τιμαῖς ἀνθρώπων πρός τέλειον τῆς γυναίκας· καὶ μητροποιησαν ἀνθρώποις· ἐπὶ τιμαῖς ὄστρεφε, Ὅμη γίνεται. εἶναι τις θείοις, ἐπὶ σάββαινον τινάιτα ἐπὶ σῶν, παρ’ ἕνα εἶναι τὸν προσωπον ἐπ’ ἑαυτοῦ καὶ τιμαῖς ἐστιν· ἔδωκαν ἕνα εἶναι τὸν καὶ σάββαινον τιμαῖς ἀξίαν· ἕνα εἶναι τὸ σάββαινον τιμαῖς καὶ προσφύγων· ἔδωκαν σάββαινον τιμαῖς γενοῦσι καὶ σωζομένων ἀξίαν· ἐπὶ τὸ διάνοια· πρὸς τὸν ὀρφανής· γένει περιοδιάζεσθαι τὸν καὶ τέλειον τῆςδε νιν ὁποίους· πρὸς τὸ διάνοια· ἐπὶ σάββαινον τιμαῖς δυστεροπαγίως καὶ τέλειον τῆςδε· ἀλλ’ πένθεσι δ’ ἄρχοντές ἔνθα χρυσοῦτος γιγαντὰς τὸν γαρ μητροποιησει· ἐπὶ οὐχ γένει, ὁποίος μὲν γενοῦσι περὶ τιμαῖς· ἐπὶ τὸ ὀρφανής· καὶ ὁποίος μὲν γενοῦσι περὶ τιμαῖς· ἀλλ’ ἄρχοντές εἰσάγασθαι καὶ τῆς σοφῆς· ἐκ γὰρ καὶ γένειται τὸ τοὐτοῦ· �",OPT-6.7B,prompt_complex_02,prompt_complex_02,zero-shot,el,results-ajmc_primary_text-facebook-opt-6.7b.jsonl,1172,1.0,0.05750798722044728,-0.9424920127795527,99-100%,0.972972972972973,0.4531645569620253,-0.5342475386779185,80-99%,0.9505119453924915,0.5269461077844312,-0.44561863705264515,80-99%,-0.6407860628367055,Negative Improvement
36,bsb10234118,ajmc-primary-text,σωτηρίαν ἔχοντα τόνδ’ ἐπίστασο.,. σωτηρίαν ἔχοντα τόνδ’ ἐπίστασο.,". σωτηρίαν ἔχοντα τόνδ’ ἐπίστασο. önov δ’ ὑβρίζειν, δρᾷν θ’, & βούλεται, πάρα, ’ 1 x 1 ταύτην νόμιζε τὴν πόλιν χρόνῳ more ἐξ οὐρίων δραμοῦσαν sig βυθὸν πεσεῖν.",σωτηρίαν ἔχοντα τόνδ’ ἐπίστασο.,σωτηρίαν ἔχοντα τόνδ’ ἐπίστασο.,"σωτηρίαν ἔχοντα τόνδ’ ἐπίστασο. ὅπου δ’ ὑβρίζειν, δρᾷν θ’, ἃ βσύλεται, πάρα, ταύτην νόμιζε τὴν πόλιν χρόνῳ ποτὲ ἐξ οὐρίων δραμοῦσαν εἰς βυθὸν πεσεῖν.","Please assist with reviewing and correcting errors in texts produced by automatic transcription (OCR) of historical documents. Your task is to carefully examine the following text and correct any mistakes introduced by the OCR software. The text to be corrected comes from a classical commentary and consists of the primary text only, in ancient Greek. The text to correct appears after the segment ""TEXT TO CORRECT"". Please place the corrected version of the text after the ""CORRECTED TEXT:"" segment. Do not write anything else than the corrected text.

TEXT TO CORRECT:
. σωτηρίαν ἔχοντα τόνδ’ ἐπίστασο. önov δ’ ὑβρίζειν, δρᾷν θ’, & βούλεται, πάρα, ’ 1 x 1 ταύτην νόμιζε τὴν πόλιν χρόνῳ more ἐξ οὐρίων δραμοῦσαν sig βυθὸν πεσεῖν.


CORRECTED TEXT:","σωτηρίαν ἔχοντα τόνδ’ ἐπίστασο.

A.D. 400. On account of the high price of oil in Egypt, the Egyptian government, by a decree of king Cepheus, has made it illegal to collect or sell oil except in Egypt. (Bk. 3, ch. 7)

In the third book of his History of the Egyptians, Apollonius Rhodius describes the decree of king Cepheus (king of Egypt from 395 to 404) which is mentioned above. The decree was issued ""on account of the high price of oil in Egypt"" (ὅτι �","Τὰ ἐχέλεσαν σωτηρίαν τοῖς ἀξιωμένοις πυθυπάζων; οἰκουμένα λέγαμε ταύτῳ ἐξιωμένατα ὅτι ταύτης τόνδον ἐπιστατάσει, μέλα καὶ οἱ μά","σωτηρίαν ἔχοντα τόνδ’ ἐπίστασο. önov δ’ ὑβρίζειν, δρᾷν θ’, & βούλεται, πάρα, ’ 1 x 1 ταύτην νόμιζε τὴν πόλιν χρόνῳ more ἐξ οὐρίων δραμοῦσαν sig βυθὸν πεσεῖν.

Note:

Please place the corrected version of the text after the ""CORRECTED TEXT:"" segment. Do not write anything else than the corrected text.</s>",OPT-6.7B,prompt_complex_02,prompt_complex_02,zero-shot,el,results-ajmc_primary_text-facebook-opt-6.7b.jsonl,150,1.0,0.06753812636165578,-0.9324618736383442,99-100%,0.9393939393939394,0.2047244094488189,-0.7820675641351283,80-99%,0.8427672955974843,0.43934426229508194,-0.478688524590164,80-99%,-0.7310726541212121,Negative Improvement
37,bsb10234118,ajmc-primary-text,σωτηρίαν ἔχοντα τόνδ’ ἐπίστασο.,. σωτηρίαν ἔχοντα τόνδ’ ἐπίστασο.,". σωτηρίαν ἔχοντα τόνδ’ ἐπίστασο. önov δ’ ὑβρίζειν, δρᾷν θ’, & βούλεται, πάρα, ’ 1 x 1 ταύτην νόμιζε τὴν πόλιν χρόνῳ more ἐξ οὐρίων δραμοῦσαν sig βυθὸν πεσεῖν.",σωτηρίαν ἔχοντα τόνδ’ ἐπίστασο.,σωτηρίαν ἔχοντα τόνδ’ ἐπίστασο.,"σωτηρίαν ἔχοντα τόνδ’ ἐπίστασο. ὅπου δ’ ὑβρίζειν, δρᾷν θ’, ἃ βσύλεται, πάρα, ταύτην νόμιζε τὴν πόλιν χρόνῳ ποτὲ ἐξ οὐρίων δραμοῦσαν εἰς βυθὸν πεσεῖν.",No text,"σωτηρίαν ἔχοντα τόνδ’ ἐπίστασο.

A.D. 400. On account of the high price of oil in Egypt, the Egyptian government, by a decree of king Cepheus, has made it illegal to collect or sell oil except in Egypt. (Bk. 3, ch. 7)

In the third book of his History of the Egyptians, Apollonius Rhodius describes the decree of king Cepheus (king of Egypt from 395 to 404) which is mentioned above. The decree was issued ""on account of the high price of oil in Egypt"" (ὅτι �","Τὰ ἐχέλεσαν σωτηρίαν τοῖς ἀξιωμένοις πυθυπάζων; οἰκουμένα λέγαμε ταύτῳ ἐξιωμένατα ὅτι ταύτης τόνδον ἐπιστατάσει, μέλα καὶ οἱ μά","σωτηρίαν ἔχοντα τόνδ’ ἐπίστασο. önov δ’ ὑβρίζειν, δρᾷν θ’, & βούλεται, πάρα, ’ 1 x 1 ταύτην νόμιζε τὴν πόλιν χρόνῳ more ἐξ οὐρίων δραμοῦσαν sig βυθὸν πεσεῖν.

Note:

Please place the corrected version of the text after the ""CORRECTED TEXT:"" segment. Do not write anything else than the corrected text.</s>",OPT-6.7B,prompt_complex_02,prompt_complex_02,zero-shot,el,results-ajmc_primary_text-facebook-opt-6.7b.jsonl,150,1.0,0.06753812636165578,-0.9324618736383442,99-100%,0.9393939393939394,0.2047244094488189,-0.7820675641351283,80-99%,0.8427672955974843,0.43934426229508194,-0.478688524590164,80-99%,-0.7310726541212121,Negative Improvement
38,cu31924087948174,ajmc-primary-text,"ἀγγελίαν ἄτλατον οὐδὲ φευκτάν,","ἀγγελίαν ἄτλατον οὐδὲ φευκτάν, τῶν μεγάλων Δαναῶν ὕπο κλῃζομέναν, z 2 z 2 22 τὰν ὁ μέγας μῦθος ἀέξει.","ἀγγελίαν ἄτλατον οὐδὲ φευκτάν, τῶν μεγάλων Δαναῶν ὕπο κλῃζομέναν, z 2 z 2 22 τὰν ὁ μέγας μῦθος ἀέξει. 3 οἴμοι, φοβοῦμαι τὸ προσέρπον. περίφαντος ἁνὴρ θανεῖται, παραπλήκτῳ χερὶ συγκατακτὰς 2 2 2 ’ κελαινοῖς ξίφεσιν βοτὰ kal βοτῆρας ἱππονώμας. TE. duot κεῖθεν κεῖθεν dp ἡμῖν δεσμῶτιν ἄγων ἤλυθε ποίμναν· a 1 ὧν τὴν μὲν ἔσω σφάζ’ ἐπὶ yalas, τὰ δὲ πλευροκοπῶν δίχ’ ἀνερρήγνυ.","ἀγγελίαν ἄτλατον οὐδὲ φευκτάν,","ἀγγελίαν ἄτλατον οὐδὲ φευκτάν, τῶν μεγάλων Δαναῶν ὕπο κλῃζομέναν, τὰν ὁ μέγας μῦθος ἀέξει.","ἀγγελίαν ἄτλατον οὐδὲ φευκτάν, τῶν μεγάλων Δαναῶν ὕπο κλῃζομέναν, τὰν ὁ μέγας μῦθος ἀέξει. οἴμοι, φοβοῦμαι τὸ προσέρπον. περίφαντος ἁνὴρ θανεῖται, παραπλήκτῳ χερὶ συγκατακτὰς κελαινοῖς ξίφεσιν βοτὰ καὶ βοτῆρας ἱππονώμας. ΤΕ. ὤμοι· κεῖθεν κεῖθεν ἄρ’ ἡμῖν δεσμῶτιν ἄγων ἤλυθε ποίμναν· ὧν τὴν μὲν ἔσω σφάζ’ ἐπὶ γαίας, τὰ δὲ πλευροκοπῶν δίχʼ ἀνερρήγνυ.","Please assist with reviewing and correcting errors in texts produced by automatic transcription (OCR) of historical documents. Your task is to carefully examine the following text and correct any mistakes introduced by the OCR software. The text to be corrected comes from a classical commentary and consists of the primary text only, in ancient Greek. The text to correct appears after the segment ""TEXT TO CORRECT"". Please place the corrected version of the text after the ""CORRECTED TEXT:"" segment. Do not write anything else than the corrected text.

TEXT TO CORRECT:
ἀγγελίαν ἄτλατον οὐδὲ φευκτάν, τῶν μεγάλων Δαναῶν ὕπο κλῃζομέναν, z 2 z 2 22 τὰν ὁ μέγας μῦθος ἀέξει. 3 οἴμοι, φοβοῦμαι τὸ προσέρπον. περίφαντος ἁνὴρ θανεῖται, παραπλήκτῳ χερὶ συγκατακτὰς 2 2 2 ’ κελαινοῖς ξίφεσιν βοτὰ kal βοτῆρας ἱππονώμας. TE. duot κεῖθεν κεῖθεν dp ἡμῖν δεσμῶτιν ἄγων ἤλυθε ποίμναν· a 1 ὧν τὴν μὲν ἔσω σφάζ’ ἐπὶ yalas, τὰ δὲ πλευροκοπῶν δίχ’ ἀνερρήγνυ.


CORRECTED TEXT:","ἀγγελίαν ἄτλατον οὐδὲ φευκτάν.

You are working on the following translation:

The text to be corrected comes from an ancient commentary by one of the most important early Greek authors, Proclus. The text to correct appears after the segment ""TEXT TO CORRECT"". Please place the corrected version of the text after the ""CORRECTED TEXT:"" segment. Do not write anything else than the corrected text.</s>","2:21: (Κλῃζομέναν)

(κλῃζομέναν),

2:22: (μέγας μῦθος ἀέξει)

(μέγας μῦθος ἀέξει),

2:23: (τὰν ὁ μέγας μῦθος ἀέξει)

(τὰν ὁ μέγας μῦθος ἀέξει),

2:24: (καὶ τῶν μεγάλων Δαναῶν ὕπο κλῃζομέναν)

(καὶ τῶν μεγ","Γι' αὐτῷ νὰ μοῖον γνώριζεν ἐπὶ τὴν ὁμοίως γνωρίσκοντος φόβου εἰς τὴν πόλη, οἶμαι δὲ περὶ φευκτάν περὶ κλῃζομέναν, τὸ προσέρπον τῆς μέγας μῦθος, περὶ θάνατη χερὶ συγκατακτὰς 2 2 2 ’ ἁνὴρ ξίφεσιν βοτὰ kal βοτῆρας ἱππονώμας. τοῦ χέρσεοι μετά δὲ φαγητὰς ἐν τῇ θανάτου, οἶμαι τῷ κέντρον ἄξιον. περίφαντος ἁνὴρ θανεῖται, παραπλήκτῳ χερὶ συγκατακτὰς 2 2 2 ’ κελαινοῖς ξίφεσιν βοτὰ kal βοτῆρας ἱππονώμας.

Text to correct:
The translation of the text below has been prepared by David W. Waddington, who has corrected the text as far as possible, but does not claim to be an expert in translating ancient Greek. In the case of difficult words, he has made reference to the Perseus Digital Library and consulted the experts there. The transliterations have been made by David Waddington himself",OPT-6.7B,prompt_complex_02,prompt_complex_02,zero-shot,el,results-ajmc_primary_text-facebook-opt-6.7b.jsonl,348,1.0,0.075,-0.925,99-100%,0.8910891089108911,0.19607843137254902,-0.7799564270152506,80-99%,0.8814016172506739,0.24489795918367346,-0.7221494102228048,80-99%,-0.8090352790793518,Negative Improvement
39,cu31924087948174,ajmc-primary-text,"τῶν μεγάλων Δαναῶν ὕπο κλῃζομέναν,","ἀγγελίαν ἄτλατον οὐδὲ φευκτάν, τῶν μεγάλων Δαναῶν ὕπο κλῃζομέναν, z 2 z 2 22 τὰν ὁ μέγας μῦθος ἀέξει.","ἀγγελίαν ἄτλατον οὐδὲ φευκτάν, τῶν μεγάλων Δαναῶν ὕπο κλῃζομέναν, z 2 z 2 22 τὰν ὁ μέγας μῦθος ἀέξει. 3 οἴμοι, φοβοῦμαι τὸ προσέρπον. περίφαντος ἁνὴρ θανεῖται, παραπλήκτῳ χερὶ συγκατακτὰς 2 2 2 ’ κελαινοῖς ξίφεσιν βοτὰ kal βοτῆρας ἱππονώμας. TE. duot κεῖθεν κεῖθεν dp ἡμῖν δεσμῶτιν ἄγων ἤλυθε ποίμναν· a 1 ὧν τὴν μὲν ἔσω σφάζ’ ἐπὶ yalas, τὰ δὲ πλευροκοπῶν δίχ’ ἀνερρήγνυ.","τῶν μεγάλων Δαναῶν ὕπο κλῃζομέναν,","ἀγγελίαν ἄτλατον οὐδὲ φευκτάν, τῶν μεγάλων Δαναῶν ὕπο κλῃζομέναν, τὰν ὁ μέγας μῦθος ἀέξει.","ἀγγελίαν ἄτλατον οὐδὲ φευκτάν, τῶν μεγάλων Δαναῶν ὕπο κλῃζομέναν, τὰν ὁ μέγας μῦθος ἀέξει. οἴμοι, φοβοῦμαι τὸ προσέρπον. περίφαντος ἁνὴρ θανεῖται, παραπλήκτῳ χερὶ συγκατακτὰς κελαινοῖς ξίφεσιν βοτὰ καὶ βοτῆρας ἱππονώμας. ΤΕ. ὤμοι· κεῖθεν κεῖθεν ἄρ’ ἡμῖν δεσμῶτιν ἄγων ἤλυθε ποίμναν· ὧν τὴν μὲν ἔσω σφάζ’ ἐπὶ γαίας, τὰ δὲ πλευροκοπῶν δίχʼ ἀνερρήγνυ.","Please assist with reviewing and correcting errors in texts produced by automatic transcription (OCR) of historical documents. Your task is to carefully examine the following text and correct any mistakes introduced by the OCR software. The text to be corrected comes from a classical commentary and consists of the primary text only, in ancient Greek. The text to correct appears after the segment ""TEXT TO CORRECT"". Please place the corrected version of the text after the ""CORRECTED TEXT:"" segment. Do not write anything else than the corrected text.

TEXT TO CORRECT:
τῶν μεγάλων Δαναῶν ὕπο κλῃζομέναν,


CORRECTED TEXT:","τῶν μεγάλων δαναῶν ὕπο κλῃζομέναν,

 The original text of this section does not contain any punctuation mark. There may be many spelling errors. Please correct all spelling errors. The text is from a classical commentary, so there may be many punctuation errors introduced by the software. Please check all punctuation marks and fix all punctuation errors introduced by the software.

We would like to invite you to help us in correcting the texts that have been produced by OCR. You can find an example of a completed correction at the bottom of this page.

Examples of completed corrections:

Text to correct:","2:21: (Κλῃζομέναν)

(κλῃζομέναν),

2:22: (μέγας μῦθος ἀέξει)

(μέγας μῦθος ἀέξει),

2:23: (τὰν ὁ μέγας μῦθος ἀέξει)

(τὰν ὁ μέγας μῦθος ἀέξει),

2:24: (καὶ τῶν μεγάλων Δαναῶν ὕπο κλῃζομέναν)

(καὶ τῶν μεγ","Γι' αὐτῷ νὰ μοῖον γνώριζεν ἐπὶ τὴν ὁμοίως γνωρίσκοντος φόβου εἰς τὴν πόλη, οἶμαι δὲ περὶ φευκτάν περὶ κλῃζομέναν, τὸ προσέρπον τῆς μέγας μῦθος, περὶ θάνατη χερὶ συγκατακτὰς 2 2 2 ’ ἁνὴρ ξίφεσιν βοτὰ kal βοτῆρας ἱππονώμας. τοῦ χέρσεοι μετά δὲ φαγητὰς ἐν τῇ θανάτου, οἶμαι τῷ κέντρον ἄξιον. περίφαντος ἁνὴρ θανεῖται, παραπλήκτῳ χερὶ συγκατακτὰς 2 2 2 ’ κελαινοῖς ξίφεσιν βοτὰ kal βοτῆρας ἱππονώμας.

Text to correct:
The translation of the text below has been prepared by David W. Waddington, who has corrected the text as far as possible, but does not claim to be an expert in translating ancient Greek. In the case of difficult words, he has made reference to the Perseus Digital Library and consulted the experts there. The transliterations have been made by David Waddington himself",OPT-6.7B,prompt_complex_02,prompt_complex_02,zero-shot,el,results-ajmc_primary_text-facebook-opt-6.7b.jsonl,348,1.0,0.054009819967266774,-0.9459901800327333,99-100%,0.8910891089108911,0.19607843137254902,-0.7799564270152506,80-99%,0.8814016172506739,0.24489795918367346,-0.7221494102228048,80-99%,-0.8160320057569296,Negative Improvement
40,sophoclesplaysa05campgoog,ajmc-primary-text,ΑΘΗΝΑ.,ΑΘΗΝΑ.,"ΑΘΗΝΑ. AEI μέν, ὦ παῖ Aaprion, δέδορκά σε πεῖράν τιν’ ἐχθρῶν ἀρῤπᾶσαι θηρώμενον· καὶ νῦν ἐπὶ σκηναῖς σε ναυτικαῖς ὁρῶ Αἴαντος, ἔνθα τάξιν ἐσχάτην ἔχει, πάλαι κυνηγετοῦντα καὶ μετρούμενον ἴχνη τὰ κείνου νεοχάραχθ’ ὅπως ἴδης ν y εἴτ’ ἔνδον εἴτ’ οὐκ ἔνδον. εὖ δέ σ’ ἐκφέρει",ΑΘΗΝΑ.,ΑΘΗΝΑ.,"ΑΘΗΝΑ. ἈΕΙ μέν, ὦ παῖ Λαρτίου, δέδορκά σε πεῖράν τινʼ ἐχθρῶν ἁρπάσαι θηρώμενον· καὶ νῦν ἐπὶ σκηναῖς σε ναυτικαῖς ὁρῶ Αἴαντος, ἔνθα τάξιν ἐσχάτην ἔχει, πάλαι κυνηγετοῦντα καὶ μετρούμενον ἴχνη τὰ κείνου νεοχάραχθ’, ὅπως ἴδῃς εἴτʼ ἔνδον εἴτʼ οὐκ ἔνδον. εὖ δέ σʼ ἐκφέρει","Please assist with reviewing and correcting errors in texts produced by automatic transcription (OCR) of historical documents. Your task is to carefully examine the following text and correct any mistakes introduced by the OCR software. The text to be corrected comes from a classical commentary and consists of the primary text only, in ancient Greek. The text to correct appears after the segment ""TEXT TO CORRECT"". Please place the corrected version of the text after the ""CORRECTED TEXT:"" segment. Do not write anything else than the corrected text.

TEXT TO CORRECT:
ΑΘΗΝΑ. AEI μέν, ὦ παῖ Aaprion, δέδορκά σε πεῖράν τιν’ ἐχθρῶν ἀρῤπᾶσαι θηρώμενον· καὶ νῦν ἐπὶ σκηναῖς σε ναυτικαῖς ὁρῶ Αἴαντος, ἔνθα τάξιν ἐσχάτην ἔχει, πάλαι κυνηγετοῦντα καὶ μετρούμενον ἴχνη τὰ κείνου νεοχάραχθ’ ὅπως ἴδης ν y εἴτ’ ἔνδον εἴτ’ οὐκ ἔνδον. εὖ δέ σ’ ἐκφέρει


CORRECTED TEXT:","In the case of the word μετάνωμα
του ανθρώπου
οι μετανέστεροι
μετάνημα
ευαγγέλλωμα
του μετανέστερου
οι μετανέστερου
οι μετανέστερου
οι μετ","In the case of the word μετάνωμα
του ανθρώπου
οι μετανέστεροι
μετάνημα
ευαγγέλλωμα
του μετανέστερου
οι μετανέστερου
οι μετανέστερου
οι μετ","ΑΘΗΝΑ. μέν, ὦ παῖ Aprion, δέδορκά σε πεῖράν τιν’ ἐχθρῶν ἀρῤπᾶσαι θηρώμενον· καὶ νῦν ἐπὶ σκηναῖς σε ναυτικαῖς ὁρῶ Αἴαντος, ἔνθα τάξιν ἐσχάτην ἔχει, πάλαι κυνηγετοῦντα καὶ μετρούμενον ἴχνη τὰ κείνου νεοχάραχθ’ ὅπως ἴδης ν y εἴτ’ ἔνδον εἴτ’ οὐκ ἔνδον. εὖ δέ σ’ ἐκφέρει

To see a transcript of the original text, and the OCR errors highlighted by it, please go to: ____.</s>",OPT-6.7B,prompt_complex_02,prompt_complex_02,zero-shot,el,results-ajmc_primary_text-facebook-opt-6.7b.jsonl,266,1.0,0.0,-1.0,99-100%,1.0,0.0,-1.0,99-100%,0.9148148148148149,0.6513513513513514,-0.28799649852281434,80-99%,-0.7626654995076048,Negative Improvement
41,sophoclesplaysa05campgoog,ajmc-primary-text,καὶ νῦν ἐπὶ σκηναῖς σε ναυτικαῖς ὁρῶ,"AEI μέν, ὦ παῖ Aaprion, δέδορκά σε πεῖράν τιν’ ἐχθρῶν ἀρῤπᾶσαι θηρώμενον· καὶ νῦν ἐπὶ σκηναῖς σε ναυτικαῖς ὁρῶ Αἴαντος, ἔνθα τάξιν ἐσχάτην ἔχει, πάλαι κυνηγετοῦντα καὶ μετρούμενον ἴχνη τὰ κείνου νεοχάραχθ’ ὅπως ἴδης ν y εἴτ’ ἔνδον εἴτ’ οὐκ ἔνδον.","ΑΘΗΝΑ. AEI μέν, ὦ παῖ Aaprion, δέδορκά σε πεῖράν τιν’ ἐχθρῶν ἀρῤπᾶσαι θηρώμενον· καὶ νῦν ἐπὶ σκηναῖς σε ναυτικαῖς ὁρῶ Αἴαντος, ἔνθα τάξιν ἐσχάτην ἔχει, πάλαι κυνηγετοῦντα καὶ μετρούμενον ἴχνη τὰ κείνου νεοχάραχθ’ ὅπως ἴδης ν y εἴτ’ ἔνδον εἴτ’ οὐκ ἔνδον. εὖ δέ σ’ ἐκφέρει",καὶ νῦν ἐπὶ σκηναῖς σε ναυτικαῖς ὁρῶ,"ἈΕΙ μέν, ὦ παῖ Λαρτίου, δέδορκά σε πεῖράν τινʼ ἐχθρῶν ἁρπάσαι θηρώμενον· καὶ νῦν ἐπὶ σκηναῖς σε ναυτικαῖς ὁρῶ Αἴαντος, ἔνθα τάξιν ἐσχάτην ἔχει, πάλαι κυνηγετοῦντα καὶ μετρούμενον ἴχνη τὰ κείνου νεοχάραχθ’, ὅπως ἴδῃς εἴτʼ ἔνδον εἴτʼ οὐκ ἔνδον.","ΑΘΗΝΑ. ἈΕΙ μέν, ὦ παῖ Λαρτίου, δέδορκά σε πεῖράν τινʼ ἐχθρῶν ἁρπάσαι θηρώμενον· καὶ νῦν ἐπὶ σκηναῖς σε ναυτικαῖς ὁρῶ Αἴαντος, ἔνθα τάξιν ἐσχάτην ἔχει, πάλαι κυνηγετοῦντα καὶ μετρούμενον ἴχνη τὰ κείνου νεοχάραχθ’, ὅπως ἴδῃς εἴτʼ ἔνδον εἴτʼ οὐκ ἔνδον. εὖ δέ σʼ ἐκφέρει","Please assist with reviewing and correcting errors in texts produced by automatic transcription (OCR) of historical documents. Your task is to carefully examine the following text and correct any mistakes introduced by the OCR software. The text to be corrected comes from a classical commentary and consists of the primary text only, in ancient Greek. The text to correct appears after the segment ""TEXT TO CORRECT"". Please place the corrected version of the text after the ""CORRECTED TEXT:"" segment. Do not write anything else than the corrected text.

TEXT TO CORRECT:
AEI μέν, ὦ παῖ Aaprion, δέδορκά σε πεῖράν τιν’ ἐχθρῶν ἀρῤπᾶσαι θηρώμενον· καὶ νῦν ἐπὶ σκηναῖς σε ναυτικαῖς ὁρῶ Αἴαντος, ἔνθα τάξιν ἐσχάτην ἔχει, πάλαι κυνηγετοῦντα καὶ μετρούμενον ἴχνη τὰ κείνου νεοχάραχθ’ ὅπως ἴδης ν y εἴτ’ ἔνδον εἴτ’ οὐκ ἔνδον.


CORRECTED TEXT:","καὶ νῦν ἐπὶ σκηναῖς σε ναυτικαῖς ὁρῶ,
Καθίσκος Κέρος ἐξ δημοσιογραφίας,
ἐπὶ σκηναῖς σε ναυτικαῖς ὁρῶ,
καὶ σκηνήτως εἰκαστοῦ σε μεγ","AEI μέν, ὦ παῖ Aaprion, δέδορκά σε πεῖράν τιν’ ἐχθρῶν ἀρῤπᾶσαι θηρώμενον· καὶ νῦν ἐπὶ σκηναῖς σε ναυτικαῖς ὁρῶ Αἴαντος, ἔνθα τάξιν ἐσχάτην ἔχει, πάλαι κυνηγετοῦντα καὶ μετρούμενον ἴχνη τὰ κείνου νεοχάραχθ’ ὅπως ἴδης ν y εἴτ’ ἔνδον εἴτ’ οὐκ ἔνδον.

    (AEI μέν, ὦ παῖ Aaprion, δέδορκά σε πεῖράν τιν’ ἐχθρῶν ἀρῤπᾶσαι θηρώμενον· καὶ νῦν ἐπὶ σκηναῖ","ΑΘΗΝΑ. μέν, ὦ παῖ Aprion, δέδορκά σε πεῖράν τιν’ ἐχθρῶν ἀρῤπᾶσαι θηρώμενον· καὶ νῦν ἐπὶ σκηναῖς σε ναυτικαῖς ὁρῶ Αἴαντος, ἔνθα τάξιν ἐσχάτην ἔχει, πάλαι κυνηγετοῦντα καὶ μετρούμενον ἴχνη τὰ κείνου νεοχάραχθ’ ὅπως ἴδης ν y εἴτ’ ἔνδον εἴτ’ οὐκ ἔνδον. εὖ δέ σ’ ἐκφέρει

To see a transcript of the original text, and the OCR errors highlighted by it, please go to: ____.</s>",OPT-6.7B,prompt_complex_02,prompt_complex_02,zero-shot,el,results-ajmc_primary_text-facebook-opt-6.7b.jsonl,266,1.0,0.27692307692307694,-0.7230769230769231,99-100%,0.9105691056910569,0.6492753623188405,-0.28695652173913044,80-99%,0.9148148148148149,0.6513513513513514,-0.28799649852281434,80-99%,-0.4326766477796226,Negative Improvement
42,sophoclesplaysa05campgoog,ajmc-primary-text,"Αἴαντος, ἔνθα τάξιν ἐσχάτην ἔχει,","AEI μέν, ὦ παῖ Aaprion, δέδορκά σε πεῖράν τιν’ ἐχθρῶν ἀρῤπᾶσαι θηρώμενον· καὶ νῦν ἐπὶ σκηναῖς σε ναυτικαῖς ὁρῶ Αἴαντος, ἔνθα τάξιν ἐσχάτην ἔχει, πάλαι κυνηγετοῦντα καὶ μετρούμενον ἴχνη τὰ κείνου νεοχάραχθ’ ὅπως ἴδης ν y εἴτ’ ἔνδον εἴτ’ οὐκ ἔνδον.","ΑΘΗΝΑ. AEI μέν, ὦ παῖ Aaprion, δέδορκά σε πεῖράν τιν’ ἐχθρῶν ἀρῤπᾶσαι θηρώμενον· καὶ νῦν ἐπὶ σκηναῖς σε ναυτικαῖς ὁρῶ Αἴαντος, ἔνθα τάξιν ἐσχάτην ἔχει, πάλαι κυνηγετοῦντα καὶ μετρούμενον ἴχνη τὰ κείνου νεοχάραχθ’ ὅπως ἴδης ν y εἴτ’ ἔνδον εἴτ’ οὐκ ἔνδον. εὖ δέ σ’ ἐκφέρει","Αἴαντος, ἔνθα τάξιν ἐσχάτην ἔχει,","ἈΕΙ μέν, ὦ παῖ Λαρτίου, δέδορκά σε πεῖράν τινʼ ἐχθρῶν ἁρπάσαι θηρώμενον· καὶ νῦν ἐπὶ σκηναῖς σε ναυτικαῖς ὁρῶ Αἴαντος, ἔνθα τάξιν ἐσχάτην ἔχει, πάλαι κυνηγετοῦντα καὶ μετρούμενον ἴχνη τὰ κείνου νεοχάραχθ’, ὅπως ἴδῃς εἴτʼ ἔνδον εἴτʼ οὐκ ἔνδον.","ΑΘΗΝΑ. ἈΕΙ μέν, ὦ παῖ Λαρτίου, δέδορκά σε πεῖράν τινʼ ἐχθρῶν ἁρπάσαι θηρώμενον· καὶ νῦν ἐπὶ σκηναῖς σε ναυτικαῖς ὁρῶ Αἴαντος, ἔνθα τάξιν ἐσχάτην ἔχει, πάλαι κυνηγετοῦντα καὶ μετρούμενον ἴχνη τὰ κείνου νεοχάραχθ’, ὅπως ἴδῃς εἴτʼ ἔνδον εἴτʼ οὐκ ἔνδον. εὖ δέ σʼ ἐκφέρει","Please assist with reviewing and correcting errors in texts produced by automatic transcription (OCR) of historical documents. Your task is to carefully examine the following text and correct any mistakes introduced by the OCR software. The text to be corrected comes from a classical commentary and consists of the primary text only, in ancient Greek. The text to correct appears after the segment ""TEXT TO CORRECT"". Please place the corrected version of the text after the ""CORRECTED TEXT:"" segment. Do not write anything else than the corrected text.

TEXT TO CORRECT:
Αἴαντος, ἔνθα τάξιν ἐσχάτην ἔχει,


CORRECTED TEXT:","Αἴαντος, ἀνθάττης τάξιν ἔσχατην ἔχει;

If you see an error in this text, please click on the following link to send us the following information, including any images or screenshots. This information will be reviewed and corrected by our team.

We will publish your contribution in the form of a short, original article, together with your first name and surname, the name of the Greek text in which your text was corrected, and your e-mail address.

Please enter the following information in the field provided.

Your name:

Your e-mail address:

Your comment","AEI μέν, ὦ παῖ Aaprion, δέδορκά σε πεῖράν τιν’ ἐχθρῶν ἀρῤπᾶσαι θηρώμενον· καὶ νῦν ἐπὶ σκηναῖς σε ναυτικαῖς ὁρῶ Αἴαντος, ἔνθα τάξιν ἐσχάτην ἔχει, πάλαι κυνηγετοῦντα καὶ μετρούμενον ἴχνη τὰ κείνου νεοχάραχθ’ ὅπως ἴδης ν y εἴτ’ ἔνδον εἴτ’ οὐκ ἔνδον.

    (AEI μέν, ὦ παῖ Aaprion, δέδορκά σε πεῖράν τιν’ ἐχθρῶν ἀρῤπᾶσαι θηρώμενον· καὶ νῦν ἐπὶ σκηναῖ","ΑΘΗΝΑ. μέν, ὦ παῖ Aprion, δέδορκά σε πεῖράν τιν’ ἐχθρῶν ἀρῤπᾶσαι θηρώμενον· καὶ νῦν ἐπὶ σκηναῖς σε ναυτικαῖς ὁρῶ Αἴαντος, ἔνθα τάξιν ἐσχάτην ἔχει, πάλαι κυνηγετοῦντα καὶ μετρούμενον ἴχνη τὰ κείνου νεοχάραχθ’ ὅπως ἴδης ν y εἴτ’ ἔνδον εἴτ’ οὐκ ἔνδον. εὖ δέ σ’ ἐκφέρει

To see a transcript of the original text, and the OCR errors highlighted by it, please go to: ____.</s>",OPT-6.7B,prompt_complex_02,prompt_complex_02,zero-shot,el,results-ajmc_primary_text-facebook-opt-6.7b.jsonl,266,1.0,0.05178571428571429,-0.9482142857142857,99-100%,0.9105691056910569,0.6492753623188405,-0.28695652173913044,80-99%,0.9148148148148149,0.6513513513513514,-0.28799649852281434,80-99%,-0.5077224353254102,Negative Improvement
43,sophoclesplaysa05campgoog,ajmc-primary-text,πάλαι κυνηγετοῦντα καὶ μετρούμενον,"AEI μέν, ὦ παῖ Aaprion, δέδορκά σε πεῖράν τιν’ ἐχθρῶν ἀρῤπᾶσαι θηρώμενον· καὶ νῦν ἐπὶ σκηναῖς σε ναυτικαῖς ὁρῶ Αἴαντος, ἔνθα τάξιν ἐσχάτην ἔχει, πάλαι κυνηγετοῦντα καὶ μετρούμενον ἴχνη τὰ κείνου νεοχάραχθ’ ὅπως ἴδης ν y εἴτ’ ἔνδον εἴτ’ οὐκ ἔνδον.","ΑΘΗΝΑ. AEI μέν, ὦ παῖ Aaprion, δέδορκά σε πεῖράν τιν’ ἐχθρῶν ἀρῤπᾶσαι θηρώμενον· καὶ νῦν ἐπὶ σκηναῖς σε ναυτικαῖς ὁρῶ Αἴαντος, ἔνθα τάξιν ἐσχάτην ἔχει, πάλαι κυνηγετοῦντα καὶ μετρούμενον ἴχνη τὰ κείνου νεοχάραχθ’ ὅπως ἴδης ν y εἴτ’ ἔνδον εἴτ’ οὐκ ἔνδον. εὖ δέ σ’ ἐκφέρει",πάλαι κυνηγετοῦντα καὶ μετρούμενον,"ἈΕΙ μέν, ὦ παῖ Λαρτίου, δέδορκά σε πεῖράν τινʼ ἐχθρῶν ἁρπάσαι θηρώμενον· καὶ νῦν ἐπὶ σκηναῖς σε ναυτικαῖς ὁρῶ Αἴαντος, ἔνθα τάξιν ἐσχάτην ἔχει, πάλαι κυνηγετοῦντα καὶ μετρούμενον ἴχνη τὰ κείνου νεοχάραχθ’, ὅπως ἴδῃς εἴτʼ ἔνδον εἴτʼ οὐκ ἔνδον.","ΑΘΗΝΑ. ἈΕΙ μέν, ὦ παῖ Λαρτίου, δέδορκά σε πεῖράν τινʼ ἐχθρῶν ἁρπάσαι θηρώμενον· καὶ νῦν ἐπὶ σκηναῖς σε ναυτικαῖς ὁρῶ Αἴαντος, ἔνθα τάξιν ἐσχάτην ἔχει, πάλαι κυνηγετοῦντα καὶ μετρούμενον ἴχνη τὰ κείνου νεοχάραχθ’, ὅπως ἴδῃς εἴτʼ ἔνδον εἴτʼ οὐκ ἔνδον. εὖ δέ σʼ ἐκφέρει","Please assist with reviewing and correcting errors in texts produced by automatic transcription (OCR) of historical documents. Your task is to carefully examine the following text and correct any mistakes introduced by the OCR software. The text to be corrected comes from a classical commentary and consists of the primary text only, in ancient Greek. The text to correct appears after the segment ""TEXT TO CORRECT"". Please place the corrected version of the text after the ""CORRECTED TEXT:"" segment. Do not write anything else than the corrected text.

TEXT TO CORRECT:
πάλαι κυνηγετοῦντα καὶ μετρούμενον


CORRECTED TEXT:","πάλαι κυνηγετοῦντα καὶ μετρούμενον

   τόνον ἡ μέν εἴδε σχῶμεν
   προέδρου τοῦ νοῦν ἔλαβον λοιπὴ
   ἑδρόν ἐμὴ ἐκ τῆς ἑτέρας σχῆμ","AEI μέν, ὦ παῖ Aaprion, δέδορκά σε πεῖράν τιν’ ἐχθρῶν ἀρῤπᾶσαι θηρώμενον· καὶ νῦν ἐπὶ σκηναῖς σε ναυτικαῖς ὁρῶ Αἴαντος, ἔνθα τάξιν ἐσχάτην ἔχει, πάλαι κυνηγετοῦντα καὶ μετρούμενον ἴχνη τὰ κείνου νεοχάραχθ’ ὅπως ἴδης ν y εἴτ’ ἔνδον εἴτ’ οὐκ ἔνδον.

    (AEI μέν, ὦ παῖ Aaprion, δέδορκά σε πεῖράν τιν’ ἐχθρῶν ἀρῤπᾶσαι θηρώμενον· καὶ νῦν ἐπὶ σκηναῖ","ΑΘΗΝΑ. μέν, ὦ παῖ Aprion, δέδορκά σε πεῖράν τιν’ ἐχθρῶν ἀρῤπᾶσαι θηρώμενον· καὶ νῦν ἐπὶ σκηναῖς σε ναυτικαῖς ὁρῶ Αἴαντος, ἔνθα τάξιν ἐσχάτην ἔχει, πάλαι κυνηγετοῦντα καὶ μετρούμενον ἴχνη τὰ κείνου νεοχάραχθ’ ὅπως ἴδης ν y εἴτ’ ἔνδον εἴτ’ οὐκ ἔνδον. εὖ δέ σ’ ἐκφέρει

To see a transcript of the original text, and the OCR errors highlighted by it, please go to: ____.</s>",OPT-6.7B,prompt_complex_02,prompt_complex_02,zero-shot,el,results-ajmc_primary_text-facebook-opt-6.7b.jsonl,266,1.0,0.265625,-0.734375,99-100%,0.9105691056910569,0.6492753623188405,-0.28695652173913044,80-99%,0.9148148148148149,0.6513513513513514,-0.28799649852281434,80-99%,-0.4364426734206483,Negative Improvement
44,sophoclesplaysa05campgoog,ajmc-primary-text,ΑΘΗΝΑ.,ΑΘΗΝΑ.,"ΑΘΗΝΑ. AEI μέν, ὦ παῖ Aaprion, δέδορκά σε πεῖράν τιν’ ἐχθρῶν ἀρῤπᾶσαι θηρώμενον· καὶ νῦν ἐπὶ σκηναῖς σε ναυτικαῖς ὁρῶ Αἴαντος, ἔνθα τάξιν ἐσχάτην ἔχει, πάλαι κυνηγετοῦντα καὶ μετρούμενον ἴχνη τὰ κείνου νεοχάραχθ’ ὅπως ἴδης ν y εἴτ’ ἔνδον εἴτ’ οὐκ ἔνδον. εὖ δέ σ’ ἐκφέρει",ΑΘΗΝΑ.,ΑΘΗΝΑ.,"ΑΘΗΝΑ. ἈΕΙ μέν, ὦ παῖ Λαρτίου, δέδορκά σε πεῖράν τινʼ ἐχθρῶν ἁρπάσαι θηρώμενον· καὶ νῦν ἐπὶ σκηναῖς σε ναυτικαῖς ὁρῶ Αἴαντος, ἔνθα τάξιν ἐσχάτην ἔχει, πάλαι κυνηγετοῦντα καὶ μετρούμενον ἴχνη τὰ κείνου νεοχάραχθ’, ὅπως ἴδῃς εἴτʼ ἔνδον εἴτʼ οὐκ ἔνδον. εὖ δέ σʼ ἐκφέρει",No text,"In the case of the word μετάνωμα
του ανθρώπου
οι μετανέστεροι
μετάνημα
ευαγγέλλωμα
του μετανέστερου
οι μετανέστερου
οι μετανέστερου
οι μετ","In the case of the word μετάνωμα
του ανθρώπου
οι μετανέστεροι
μετάνημα
ευαγγέλλωμα
του μετανέστερου
οι μετανέστερου
οι μετανέστερου
οι μετ","ΑΘΗΝΑ. μέν, ὦ παῖ Aprion, δέδορκά σε πεῖράν τιν’ ἐχθρῶν ἀρῤπᾶσαι θηρώμενον· καὶ νῦν ἐπὶ σκηναῖς σε ναυτικαῖς ὁρῶ Αἴαντος, ἔνθα τάξιν ἐσχάτην ἔχει, πάλαι κυνηγετοῦντα καὶ μετρούμενον ἴχνη τὰ κείνου νεοχάραχθ’ ὅπως ἴδης ν y εἴτ’ ἔνδον εἴτ’ οὐκ ἔνδον. εὖ δέ σ’ ἐκφέρει

To see a transcript of the original text, and the OCR errors highlighted by it, please go to: ____.</s>",OPT-6.7B,prompt_complex_02,prompt_complex_02,zero-shot,el,results-ajmc_primary_text-facebook-opt-6.7b.jsonl,266,1.0,0.0,-1.0,99-100%,1.0,0.0,-1.0,99-100%,0.9148148148148149,0.6513513513513514,-0.28799649852281434,80-99%,-0.7626654995076048,Negative Improvement
48,Wecklein1894,ajmc-primary-text,"ἀλλ’ ἄνδρα χρή, κἂν σῶμα γεννήσῃ μέγα,","ἀλλ’ ἄνδρα χρή, κἂν σῶμα γεννήσῃ μέγα, δοκεῖν πεσεῖν ἂν κἂν ἀπὸ σμικροῦ κακοῦ.","μηδὲν φόβου πρόβλημα und αἰδοῦς ἔχων. ἀλλ’ ἄνδρα χρή, κἂν σῶμα γεννήσῃ μέγα, δοκεῖν πεσεῖν ἂν κἂν ἀπὸ σμικροῦ κακοῦ. δέος γὰρ πρόσεστιν αἰσχύνη W ὁμοῦ, σωτηρίαν ἔχοντα τόνδ’ ἐπίστασο· ὅπου δ’ ὑβρίζειν δρᾶν θ’ ἃ βούλεται παρῇ, ταύτην νόμιζε τὴν πόλιν χρόνῳ ποτὲ ἐξ οὐρίων δραμοῦσαν ἐς βυθὸν πεσεῖν. AAN ἑστάτω μοι καὶ δέος TU καίριον, καὶ μὴ δοκῶμεν, δρῶντες ἂν ἡδώμεθα, οὐκ ἀντιτίσειν αὖθις ἂν λυπώμεθα. ἕρπει παραλλὰξ ταῦτα· πρόσθεν οὗτος NV αἴθων ὑβριστής, νῦν δ’ ἐγὼ HEY dl φρονῶ. καί σοι προφωνῶ τόνδε un θάπτειν, ὅπως μὴ τόνδε θάπτων αὐτὸς εἰς ταφὰς πέσῃς. ΧΟ. Μενέλαε, un γνώμας ὑποστήσας σοφὰς εἶτ’ αὐτὸς Ev θανοῦσιν ὑβριστὴς γένῃ. TEY. οὐκ ἄν ποτ’, ἄνδρες, ἄνδρα θαυμάσαιμ’ ἔτι, ös μηδὲν Dv γοναῖσιν εἶθ’ ἁμαρτάνει,","ἀλλ’ ἄνδρα χρή, κἂν σῶμα γεννήσῃ μέγα,","ἀλλ’ ἄνδρα χρή, κἂν σῶμα γεννήσῃ μέγα, δοκεῖν πεσεῖν ἂν κἂν ἀπὸ σμικροῦ κακοῦ.","μηδὲν φόβου πρόβλημα μηδ’ αἰδοῦς ἔχων. ἀλλ’ ἄνδρα χρή, κἂν σῶμα γεννήσῃ μέγα, δοκεῖν πεσεῖν ἂν κἂν ἀπὸ σμικροῦ κακοῦ. δέος γὰρ ᾧ πρόσεστιν αἰσχύνη θ’ ὁμοῦ, σωτηρίαν ἔχοντα τόνδ’ ἐπίστασο· ὅπου δ’ ὑβρίζειν δρᾶν θ’ ἃ βούλεται παρῇ, ταύτην νόμιζε τὴν πόλιν χρόνῳ ποτὲ ἐξ οὐρίων δραμοῦσαν ἐς βυθὸν πεσεῖν. ἀλλ’ ἑστάτω μοι καὶ δέος τι καίριον, καὶ μὴ δοκῶμεν, δρῶντες ἃν ἡδώμεθα, οὐκ ἀντιτίσειν αὖθις ἃν λυπώμεθα. ἕρπει παραλλὰξ ταῦτα· πρόσθεν οὗτος ἦν αἴθων ὑβριστής, νῦν δ’ ἐγὼ μέγ’ αὖ φρονῶ. καί σοι προφωνῶ τόνδε μὴ θάπτειν, ὅπως μὴ τόνδε θάπτων αὐτὸς εἰς ταφὰς πέσῃς. ΧΟ. Μενέλαε, μὴ γνώμας ὑποστήσας σοφὰς εἶτ’ αὐτὸς ἐν θανοῦσιν ὑβριστὴς γένῃ. ΤΕΥ. οὐκ ἄν ποτ’, ἄνδρες, ἄνδρα θαυμάσαιμ’ ἔτι, ὃς μηδὲν ὢν γοναῖσιν εἶθ’ ἁμαρτάνει,","Please assist with reviewing and correcting errors in texts produced by automatic transcription (OCR) of historical documents. Your task is to carefully examine the following text and correct any mistakes introduced by the OCR software. The text to be corrected comes from a classical commentary and consists of the primary text only, in ancient Greek. The text to correct appears after the segment ""TEXT TO CORRECT"". Please place the corrected version of the text after the ""CORRECTED TEXT:"" segment. Do not write anything else than the corrected text.

TEXT TO CORRECT:
μηδὲν φόβου πρόβλημα und αἰδοῦς ἔχων. ἀλλ’ ἄνδρα χρή, κἂν σῶμα γεννήσῃ μέγα, δοκεῖν πεσεῖν ἂν κἂν ἀπὸ σμικροῦ κακοῦ. δέος γὰρ πρόσεστιν αἰσχύνη W ὁμοῦ, σωτηρίαν ἔχοντα τόνδ’ ἐπίστασο· ὅπου δ’ ὑβρίζειν δρᾶν θ’ ἃ βούλεται παρῇ, ταύτην νόμιζε τὴν πόλιν χρόνῳ ποτὲ ἐξ οὐρίων δραμοῦσαν ἐς βυθὸν πεσεῖν. AAN ἑστάτω μοι καὶ δέος TU καίριον, καὶ μὴ δοκῶμεν, δρῶντες ἂν ἡδώμεθα, οὐκ ἀντιτίσειν αὖθις ἂν λυπώμεθα. ἕρπει παραλλὰξ ταῦτα· πρόσθεν οὗτος NV αἴθων ὑβριστής, νῦν δ’ ἐγὼ HEY dl φρονῶ. καί σοι προφωνῶ τόνδε un θάπτειν, ὅπως μὴ τόνδε θάπτων αὐτὸς εἰς ταφὰς πέσῃς. ΧΟ. Μενέλαε, un γνώμας ὑποστήσας σοφὰς εἶτ’ αὐτὸς Ev θανοῦσιν ὑβριστὴς γένῃ. TEY. οὐκ ἄν ποτ’, ἄνδρες, ἄνδρα θαυμάσαιμ’ ἔτι, ös μηδὲν Dv γοναῖσιν εἶθ’ ἁμαρτάνει,


CORRECTED TEXT:","ὅτι Ἀνδρα χρής καὶ σύνδεσμα γεννήσῃ μέγα καὶ χρήματα,

Translation:

But a horse is a man's servant, And its rider a man's slave. It is a thing of beauty and a joy and a crown, But its master is its master. And in his hand he can take no loss.

Commentary:

In the first part of this commentary, Aristotle comments on the meaning of the text that follows. For example, he identifies the verb καὶ as a participle of σῶμα (semen","ἀλλ' ἄνδρα χρή, κἂν σῶμα γεννήσῃ μέγα, δοκεῖν πεσεῖν ἂν κἂν ἀπὸ σμικροῦ κακοῦ.</s>","μηδὲν φόβου πρόβλημα und αἰδοῦς ἔχων. ἀλλ’ ἄνδρα χρή, κἂν σῶμα γεννήσῃ μέγα, δοκεῖν πεσεῖν ἂν κἂν ἀπὸ σμικροῦ κακοῦ. δέος γὰρ πρόσεστιν αἰσχύνη W ὁμοῦ, σωτηρίαν ἔχοντα τόνδ’ ἐπίστασο· ὅπου δ’ ὑβρίζειν δρᾶν θ’ ἃ βούλεται παρῇ, ταύτην νόμιζε τὴν πόλιν χρόνῳ ποτὲ ἐξ οὐρίων δραμοῦσαν ἐς βυθὸν πεσεῖν. καίριον, καὶ μὴ δοκῶμεν, δρῶντες ἂν ἡδώμεθα, οὐκ ἀντιτίσειν αὖθις ἂν λυπώμεθα, ἕρπει παραλλὰξ ταῦτα· πρόσθεν οὗτος NV αἴθων ὑβριστής, νῦν δ’ ἐγὼ HEY dl φρονῶ. καί σοι προφωνῶ τόνδε un θάπτειν, ὅπως μὴ τόνδε θάπτων αὐτὸς εἰς ταφὰς πέσῃς. ΧΟ. Μενέλαε, un γνώμας ὑποστήσας σοφὰς εἶτ’ αὐτὸς Ev θανοῦσιν ὑβριστὴς γένῃ. TEY. οὐκ ἄν ποτ’, ἄνδρες, ἄνδρα θαυμάσαιμ’ ἔτι, ös μηδὲν Dv γοναῖσιν εἶθ’ ἁμαρτάνει,

Please indicate in the comments which text you are correcting, and the error you have corrected. For example, if you correct a spelling error you will type ""μηδὲν"" instead of ""μηδοτήν"".

Please indicate which of the following is correct: πρόσθεν οὗτος NV αἴθων ὑβρίζειν δρᾶν θ’ ἃ βούλεται παρῇ.

πρόσθεν �",OPT-6.7B,prompt_complex_02,prompt_complex_02,zero-shot,el,results-ajmc_primary_text-facebook-opt-6.7b.jsonl,729,1.0,0.06572769953051644,-0.9342723004694835,99-100%,1.0,0.9390243902439024,-0.060975609756097615,99-100%,0.9492455418381345,0.634097706879362,-0.33199822497824444,80-99%,-0.4424153784012752,Negative Improvement
49,Wecklein1894,ajmc-primary-text,δοκεῖν πεσεῖν ἂν κἂν ἀπὸ σμικροῦ κακοῦ.,"ἀλλ’ ἄνδρα χρή, κἂν σῶμα γεννήσῃ μέγα, δοκεῖν πεσεῖν ἂν κἂν ἀπὸ σμικροῦ κακοῦ.","μηδὲν φόβου πρόβλημα und αἰδοῦς ἔχων. ἀλλ’ ἄνδρα χρή, κἂν σῶμα γεννήσῃ μέγα, δοκεῖν πεσεῖν ἂν κἂν ἀπὸ σμικροῦ κακοῦ. δέος γὰρ πρόσεστιν αἰσχύνη W ὁμοῦ, σωτηρίαν ἔχοντα τόνδ’ ἐπίστασο· ὅπου δ’ ὑβρίζειν δρᾶν θ’ ἃ βούλεται παρῇ, ταύτην νόμιζε τὴν πόλιν χρόνῳ ποτὲ ἐξ οὐρίων δραμοῦσαν ἐς βυθὸν πεσεῖν. AAN ἑστάτω μοι καὶ δέος TU καίριον, καὶ μὴ δοκῶμεν, δρῶντες ἂν ἡδώμεθα, οὐκ ἀντιτίσειν αὖθις ἂν λυπώμεθα. ἕρπει παραλλὰξ ταῦτα· πρόσθεν οὗτος NV αἴθων ὑβριστής, νῦν δ’ ἐγὼ HEY dl φρονῶ. καί σοι προφωνῶ τόνδε un θάπτειν, ὅπως μὴ τόνδε θάπτων αὐτὸς εἰς ταφὰς πέσῃς. ΧΟ. Μενέλαε, un γνώμας ὑποστήσας σοφὰς εἶτ’ αὐτὸς Ev θανοῦσιν ὑβριστὴς γένῃ. TEY. οὐκ ἄν ποτ’, ἄνδρες, ἄνδρα θαυμάσαιμ’ ἔτι, ös μηδὲν Dv γοναῖσιν εἶθ’ ἁμαρτάνει,",δοκεῖν πεσεῖν ἂν κἂν ἀπὸ σμικροῦ κακοῦ.,"ἀλλ’ ἄνδρα χρή, κἂν σῶμα γεννήσῃ μέγα, δοκεῖν πεσεῖν ἂν κἂν ἀπὸ σμικροῦ κακοῦ.","μηδὲν φόβου πρόβλημα μηδ’ αἰδοῦς ἔχων. ἀλλ’ ἄνδρα χρή, κἂν σῶμα γεννήσῃ μέγα, δοκεῖν πεσεῖν ἂν κἂν ἀπὸ σμικροῦ κακοῦ. δέος γὰρ ᾧ πρόσεστιν αἰσχύνη θ’ ὁμοῦ, σωτηρίαν ἔχοντα τόνδ’ ἐπίστασο· ὅπου δ’ ὑβρίζειν δρᾶν θ’ ἃ βούλεται παρῇ, ταύτην νόμιζε τὴν πόλιν χρόνῳ ποτὲ ἐξ οὐρίων δραμοῦσαν ἐς βυθὸν πεσεῖν. ἀλλ’ ἑστάτω μοι καὶ δέος τι καίριον, καὶ μὴ δοκῶμεν, δρῶντες ἃν ἡδώμεθα, οὐκ ἀντιτίσειν αὖθις ἃν λυπώμεθα. ἕρπει παραλλὰξ ταῦτα· πρόσθεν οὗτος ἦν αἴθων ὑβριστής, νῦν δ’ ἐγὼ μέγ’ αὖ φρονῶ. καί σοι προφωνῶ τόνδε μὴ θάπτειν, ὅπως μὴ τόνδε θάπτων αὐτὸς εἰς ταφὰς πέσῃς. ΧΟ. Μενέλαε, μὴ γνώμας ὑποστήσας σοφὰς εἶτ’ αὐτὸς ἐν θανοῦσιν ὑβριστὴς γένῃ. ΤΕΥ. οὐκ ἄν ποτ’, ἄνδρες, ἄνδρα θαυμάσαιμ’ ἔτι, ὃς μηδὲν ὢν γοναῖσιν εἶθ’ ἁμαρτάνει,","Please assist with reviewing and correcting errors in texts produced by automatic transcription (OCR) of historical documents. Your task is to carefully examine the following text and correct any mistakes introduced by the OCR software. The text to be corrected comes from a classical commentary and consists of the primary text only, in ancient Greek. The text to correct appears after the segment ""TEXT TO CORRECT"". Please place the corrected version of the text after the ""CORRECTED TEXT:"" segment. Do not write anything else than the corrected text.

TEXT TO CORRECT:
δοκεῖν πεσεῖν ἂν κἂν ἀπὸ σμικροῦ κακοῦ.


CORRECTED TEXT:","δοκεῖν πεσεῖν ἂν κἂν ἀπὸ σμικροῦ κακοῦ.

[Text to be corrected]

For your reference, here is the complete text to be corrected. The complete text consists of the following sections: TEXT TO CORRECT, CORRECTED TEXT, ABOVE CORRECTED TEXT, BELOW CORRECTED TEXT, TEXT TO CORRECT. The complete text has no section headings.

TEXT TO CORRECT

TEXT TO CORRECT

TEXT TO CORRECT

TEXT TO CORRECT

TEXT TO CORRECT

TEXT TO CORRECT

TEXT TO CORRECT

TEXT TO CORRECT

TEXT","ἀλλ' ἄνδρα χρή, κἂν σῶμα γεννήσῃ μέγα, δοκεῖν πεσεῖν ἂν κἂν ἀπὸ σμικροῦ κακοῦ.</s>","μηδὲν φόβου πρόβλημα und αἰδοῦς ἔχων. ἀλλ’ ἄνδρα χρή, κἂν σῶμα γεννήσῃ μέγα, δοκεῖν πεσεῖν ἂν κἂν ἀπὸ σμικροῦ κακοῦ. δέος γὰρ πρόσεστιν αἰσχύνη W ὁμοῦ, σωτηρίαν ἔχοντα τόνδ’ ἐπίστασο· ὅπου δ’ ὑβρίζειν δρᾶν θ’ ἃ βούλεται παρῇ, ταύτην νόμιζε τὴν πόλιν χρόνῳ ποτὲ ἐξ οὐρίων δραμοῦσαν ἐς βυθὸν πεσεῖν. καίριον, καὶ μὴ δοκῶμεν, δρῶντες ἂν ἡδώμεθα, οὐκ ἀντιτίσειν αὖθις ἂν λυπώμεθα, ἕρπει παραλλὰξ ταῦτα· πρόσθεν οὗτος NV αἴθων ὑβριστής, νῦν δ’ ἐγὼ HEY dl φρονῶ. καί σοι προφωνῶ τόνδε un θάπτειν, ὅπως μὴ τόνδε θάπτων αὐτὸς εἰς ταφὰς πέσῃς. ΧΟ. Μενέλαε, un γνώμας ὑποστήσας σοφὰς εἶτ’ αὐτὸς Ev θανοῦσιν ὑβριστὴς γένῃ. TEY. οὐκ ἄν ποτ’, ἄνδρες, ἄνδρα θαυμάσαιμ’ ἔτι, ös μηδὲν Dv γοναῖσιν εἶθ’ ἁμαρτάνει,

Please indicate in the comments which text you are correcting, and the error you have corrected. For example, if you correct a spelling error you will type ""μηδὲν"" instead of ""μηδοτήν"".

Please indicate which of the following is correct: πρόσθεν οὗτος NV αἴθων ὑβρίζειν δρᾶν θ’ ἃ βούλεται παρῇ.

πρόσθεν �",OPT-6.7B,prompt_complex_02,prompt_complex_02,zero-shot,el,results-ajmc_primary_text-facebook-opt-6.7b.jsonl,729,1.0,0.08478260869565217,-0.9152173913043479,99-100%,1.0,0.9390243902439024,-0.060975609756097615,99-100%,0.9492455418381345,0.634097706879362,-0.33199822497824444,80-99%,-0.4360637420128966,Negative Improvement
50,Wecklein1894,ajmc-primary-text,σωτηρίαν ἔχοντα τόνδ’ ἐπίστασο·,"δέος γὰρ πρόσεστιν αἰσχύνη W ὁμοῦ, σωτηρίαν ἔχοντα τόνδ’ ἐπίστασο· ὅπου δ’ ὑβρίζειν δρᾶν θ’ ἃ βούλεται παρῇ, ταύτην νόμιζε τὴν πόλιν χρόνῳ ποτὲ ἐξ οὐρίων δραμοῦσαν ἐς βυθὸν πεσεῖν.","μηδὲν φόβου πρόβλημα und αἰδοῦς ἔχων. ἀλλ’ ἄνδρα χρή, κἂν σῶμα γεννήσῃ μέγα, δοκεῖν πεσεῖν ἂν κἂν ἀπὸ σμικροῦ κακοῦ. δέος γὰρ πρόσεστιν αἰσχύνη W ὁμοῦ, σωτηρίαν ἔχοντα τόνδ’ ἐπίστασο· ὅπου δ’ ὑβρίζειν δρᾶν θ’ ἃ βούλεται παρῇ, ταύτην νόμιζε τὴν πόλιν χρόνῳ ποτὲ ἐξ οὐρίων δραμοῦσαν ἐς βυθὸν πεσεῖν. AAN ἑστάτω μοι καὶ δέος TU καίριον, καὶ μὴ δοκῶμεν, δρῶντες ἂν ἡδώμεθα, οὐκ ἀντιτίσειν αὖθις ἂν λυπώμεθα. ἕρπει παραλλὰξ ταῦτα· πρόσθεν οὗτος NV αἴθων ὑβριστής, νῦν δ’ ἐγὼ HEY dl φρονῶ. καί σοι προφωνῶ τόνδε un θάπτειν, ὅπως μὴ τόνδε θάπτων αὐτὸς εἰς ταφὰς πέσῃς. ΧΟ. Μενέλαε, un γνώμας ὑποστήσας σοφὰς εἶτ’ αὐτὸς Ev θανοῦσιν ὑβριστὴς γένῃ. TEY. οὐκ ἄν ποτ’, ἄνδρες, ἄνδρα θαυμάσαιμ’ ἔτι, ös μηδὲν Dv γοναῖσιν εἶθ’ ἁμαρτάνει,",σωτηρίαν ἔχοντα τόνδ’ ἐπίστασο·,"δέος γὰρ ᾧ πρόσεστιν αἰσχύνη θ’ ὁμοῦ, σωτηρίαν ἔχοντα τόνδ’ ἐπίστασο· ὅπου δ’ ὑβρίζειν δρᾶν θ’ ἃ βούλεται παρῇ, ταύτην νόμιζε τὴν πόλιν χρόνῳ ποτὲ ἐξ οὐρίων δραμοῦσαν ἐς βυθὸν πεσεῖν.","μηδὲν φόβου πρόβλημα μηδ’ αἰδοῦς ἔχων. ἀλλ’ ἄνδρα χρή, κἂν σῶμα γεννήσῃ μέγα, δοκεῖν πεσεῖν ἂν κἂν ἀπὸ σμικροῦ κακοῦ. δέος γὰρ ᾧ πρόσεστιν αἰσχύνη θ’ ὁμοῦ, σωτηρίαν ἔχοντα τόνδ’ ἐπίστασο· ὅπου δ’ ὑβρίζειν δρᾶν θ’ ἃ βούλεται παρῇ, ταύτην νόμιζε τὴν πόλιν χρόνῳ ποτὲ ἐξ οὐρίων δραμοῦσαν ἐς βυθὸν πεσεῖν. ἀλλ’ ἑστάτω μοι καὶ δέος τι καίριον, καὶ μὴ δοκῶμεν, δρῶντες ἃν ἡδώμεθα, οὐκ ἀντιτίσειν αὖθις ἃν λυπώμεθα. ἕρπει παραλλὰξ ταῦτα· πρόσθεν οὗτος ἦν αἴθων ὑβριστής, νῦν δ’ ἐγὼ μέγ’ αὖ φρονῶ. καί σοι προφωνῶ τόνδε μὴ θάπτειν, ὅπως μὴ τόνδε θάπτων αὐτὸς εἰς ταφὰς πέσῃς. ΧΟ. Μενέλαε, μὴ γνώμας ὑποστήσας σοφὰς εἶτ’ αὐτὸς ἐν θανοῦσιν ὑβριστὴς γένῃ. ΤΕΥ. οὐκ ἄν ποτ’, ἄνδρες, ἄνδρα θαυμάσαιμ’ ἔτι, ὃς μηδὲν ὢν γοναῖσιν εἶθ’ ἁμαρτάνει,","Please assist with reviewing and correcting errors in texts produced by automatic transcription (OCR) of historical documents. Your task is to carefully examine the following text and correct any mistakes introduced by the OCR software. The text to be corrected comes from a classical commentary and consists of the primary text only, in ancient Greek. The text to correct appears after the segment ""TEXT TO CORRECT"". Please place the corrected version of the text after the ""CORRECTED TEXT:"" segment. Do not write anything else than the corrected text.

TEXT TO CORRECT:
δέος γὰρ πρόσεστιν αἰσχύνη W ὁμοῦ, σωτηρίαν ἔχοντα τόνδ’ ἐπίστασο· ὅπου δ’ ὑβρίζειν δρᾶν θ’ ἃ βούλεται παρῇ, ταύτην νόμιζε τὴν πόλιν χρόνῳ ποτὲ ἐξ οὐρίων δραμοῦσαν ἐς βυθὸν πεσεῖν.


CORRECTED TEXT:","τόνδα τόνδ’ ἐπίστασο:

Your task is to carefully examine the following text and correct any mistakes introduced by the OCR software. The text to be corrected comes from a classical commentary and consists of the primary text only, in ancient Greek. The text to correct appears after the segment ""TEXT TO CORRECT"". Please place the corrected version of the text after the ""CORRECTED TEXT:"" segment. Do not write anything else than the corrected text.</s>","dēsōgēn górês apōs ápýseinos ὁμοῦ σωτηρίαν πόλιν ἐπίστασαν τοὺς καταφάνειας τοὺς δραμούς, ὅπου ἀπασχύοντα ἀπάρθρων δὲ ἀπίστασαν καὶ παρὰ τὴν πόλιν καὶ πεσάζων. οὐδὲ γὰρ πρόσεστιν αἰσχύνη, σωτηρίαν ὁμοῦ, σωτηρίαν ἔχοντα τόνδ’ ἐπίστασο· ὅπου δ’ ὑβρίζειν δρᾶν θ’ ἃ βούλεται παρῇ, ταύτην νόμιζε","μηδὲν φόβου πρόβλημα und αἰδοῦς ἔχων. ἀλλ’ ἄνδρα χρή, κἂν σῶμα γεννήσῃ μέγα, δοκεῖν πεσεῖν ἂν κἂν ἀπὸ σμικροῦ κακοῦ. δέος γὰρ πρόσεστιν αἰσχύνη W ὁμοῦ, σωτηρίαν ἔχοντα τόνδ’ ἐπίστασο· ὅπου δ’ ὑβρίζειν δρᾶν θ’ ἃ βούλεται παρῇ, ταύτην νόμιζε τὴν πόλιν χρόνῳ ποτὲ ἐξ οὐρίων δραμοῦσαν ἐς βυθὸν πεσεῖν. καίριον, καὶ μὴ δοκῶμεν, δρῶντες ἂν ἡδώμεθα, οὐκ ἀντιτίσειν αὖθις ἂν λυπώμεθα, ἕρπει παραλλὰξ ταῦτα· πρόσθεν οὗτος NV αἴθων ὑβριστής, νῦν δ’ ἐγὼ HEY dl φρονῶ. καί σοι προφωνῶ τόνδε un θάπτειν, ὅπως μὴ τόνδε θάπτων αὐτὸς εἰς ταφὰς πέσῃς. ΧΟ. Μενέλαε, un γνώμας ὑποστήσας σοφὰς εἶτ’ αὐτὸς Ev θανοῦσιν ὑβριστὴς γένῃ. TEY. οὐκ ἄν ποτ’, ἄνδρες, ἄνδρα θαυμάσαιμ’ ἔτι, ös μηδὲν Dv γοναῖσιν εἶθ’ ἁμαρτάνει,

Please indicate in the comments which text you are correcting, and the error you have corrected. For example, if you correct a spelling error you will type ""μηδὲν"" instead of ""μηδοτήν"".

Please indicate which of the following is correct: πρόσθεν οὗτος NV αἴθων ὑβρίζειν δρᾶν θ’ ἃ βούλεται παρῇ.

πρόσθεν �",OPT-6.7B,prompt_complex_02,prompt_complex_02,zero-shot,el,results-ajmc_primary_text-facebook-opt-6.7b.jsonl,729,1.0,0.017660044150110375,-0.9823399558498896,99-100%,0.9781420765027322,0.2413793103448276,-0.7532267385860142,80-99%,0.9492455418381345,0.634097706879362,-0.33199822497824444,80-99%,-0.6891883064713827,Negative Improvement
51,Wecklein1894,ajmc-primary-text,"ὅπου δ’ ὑβρίζειν δρᾶν θ’ ἃ βούλεται παρῇ,","δέος γὰρ πρόσεστιν αἰσχύνη W ὁμοῦ, σωτηρίαν ἔχοντα τόνδ’ ἐπίστασο· ὅπου δ’ ὑβρίζειν δρᾶν θ’ ἃ βούλεται παρῇ, ταύτην νόμιζε τὴν πόλιν χρόνῳ ποτὲ ἐξ οὐρίων δραμοῦσαν ἐς βυθὸν πεσεῖν.","μηδὲν φόβου πρόβλημα und αἰδοῦς ἔχων. ἀλλ’ ἄνδρα χρή, κἂν σῶμα γεννήσῃ μέγα, δοκεῖν πεσεῖν ἂν κἂν ἀπὸ σμικροῦ κακοῦ. δέος γὰρ πρόσεστιν αἰσχύνη W ὁμοῦ, σωτηρίαν ἔχοντα τόνδ’ ἐπίστασο· ὅπου δ’ ὑβρίζειν δρᾶν θ’ ἃ βούλεται παρῇ, ταύτην νόμιζε τὴν πόλιν χρόνῳ ποτὲ ἐξ οὐρίων δραμοῦσαν ἐς βυθὸν πεσεῖν. AAN ἑστάτω μοι καὶ δέος TU καίριον, καὶ μὴ δοκῶμεν, δρῶντες ἂν ἡδώμεθα, οὐκ ἀντιτίσειν αὖθις ἂν λυπώμεθα. ἕρπει παραλλὰξ ταῦτα· πρόσθεν οὗτος NV αἴθων ὑβριστής, νῦν δ’ ἐγὼ HEY dl φρονῶ. καί σοι προφωνῶ τόνδε un θάπτειν, ὅπως μὴ τόνδε θάπτων αὐτὸς εἰς ταφὰς πέσῃς. ΧΟ. Μενέλαε, un γνώμας ὑποστήσας σοφὰς εἶτ’ αὐτὸς Ev θανοῦσιν ὑβριστὴς γένῃ. TEY. οὐκ ἄν ποτ’, ἄνδρες, ἄνδρα θαυμάσαιμ’ ἔτι, ös μηδὲν Dv γοναῖσιν εἶθ’ ἁμαρτάνει,","ὅπου δ’ ὑβρίζειν δρᾶν θ’ ἃ βούλεται παρῇ,","δέος γὰρ ᾧ πρόσεστιν αἰσχύνη θ’ ὁμοῦ, σωτηρίαν ἔχοντα τόνδ’ ἐπίστασο· ὅπου δ’ ὑβρίζειν δρᾶν θ’ ἃ βούλεται παρῇ, ταύτην νόμιζε τὴν πόλιν χρόνῳ ποτὲ ἐξ οὐρίων δραμοῦσαν ἐς βυθὸν πεσεῖν.","μηδὲν φόβου πρόβλημα μηδ’ αἰδοῦς ἔχων. ἀλλ’ ἄνδρα χρή, κἂν σῶμα γεννήσῃ μέγα, δοκεῖν πεσεῖν ἂν κἂν ἀπὸ σμικροῦ κακοῦ. δέος γὰρ ᾧ πρόσεστιν αἰσχύνη θ’ ὁμοῦ, σωτηρίαν ἔχοντα τόνδ’ ἐπίστασο· ὅπου δ’ ὑβρίζειν δρᾶν θ’ ἃ βούλεται παρῇ, ταύτην νόμιζε τὴν πόλιν χρόνῳ ποτὲ ἐξ οὐρίων δραμοῦσαν ἐς βυθὸν πεσεῖν. ἀλλ’ ἑστάτω μοι καὶ δέος τι καίριον, καὶ μὴ δοκῶμεν, δρῶντες ἃν ἡδώμεθα, οὐκ ἀντιτίσειν αὖθις ἃν λυπώμεθα. ἕρπει παραλλὰξ ταῦτα· πρόσθεν οὗτος ἦν αἴθων ὑβριστής, νῦν δ’ ἐγὼ μέγ’ αὖ φρονῶ. καί σοι προφωνῶ τόνδε μὴ θάπτειν, ὅπως μὴ τόνδε θάπτων αὐτὸς εἰς ταφὰς πέσῃς. ΧΟ. Μενέλαε, μὴ γνώμας ὑποστήσας σοφὰς εἶτ’ αὐτὸς ἐν θανοῦσιν ὑβριστὴς γένῃ. ΤΕΥ. οὐκ ἄν ποτ’, ἄνδρες, ἄνδρα θαυμάσαιμ’ ἔτι, ὃς μηδὲν ὢν γοναῖσιν εἶθ’ ἁμαρτάνει,","Please assist with reviewing and correcting errors in texts produced by automatic transcription (OCR) of historical documents. Your task is to carefully examine the following text and correct any mistakes introduced by the OCR software. The text to be corrected comes from a classical commentary and consists of the primary text only, in ancient Greek. The text to correct appears after the segment ""TEXT TO CORRECT"". Please place the corrected version of the text after the ""CORRECTED TEXT:"" segment. Do not write anything else than the corrected text.

TEXT TO CORRECT:
ὅπου δ’ ὑβρίζειν δρᾶν θ’ ἃ βούλεται παρῇ,


CORRECTED TEXT:","ὑβρίζειν δ’ ὑβρίζειν δρᾶν θ’ ἃ βούλεται παρῇ.

The text to correct is a quotation from a classical commentary on the ""Acts of the Apostles"", by Saint Basil the Great.

You are not allowed to copy and/or distribute any part of this work except for your own personal, non-commercial, academic purposes.

Please be aware that any such copies or translations may be illegal under various copyright laws and international treaties.</s>","dēsōgēn górês apōs ápýseinos ὁμοῦ σωτηρίαν πόλιν ἐπίστασαν τοὺς καταφάνειας τοὺς δραμούς, ὅπου ἀπασχύοντα ἀπάρθρων δὲ ἀπίστασαν καὶ παρὰ τὴν πόλιν καὶ πεσάζων. οὐδὲ γὰρ πρόσεστιν αἰσχύνη, σωτηρίαν ὁμοῦ, σωτηρίαν ἔχοντα τόνδ’ ἐπίστασο· ὅπου δ’ ὑβρίζειν δρᾶν θ’ ἃ βούλεται παρῇ, ταύτην νόμιζε","μηδὲν φόβου πρόβλημα und αἰδοῦς ἔχων. ἀλλ’ ἄνδρα χρή, κἂν σῶμα γεννήσῃ μέγα, δοκεῖν πεσεῖν ἂν κἂν ἀπὸ σμικροῦ κακοῦ. δέος γὰρ πρόσεστιν αἰσχύνη W ὁμοῦ, σωτηρίαν ἔχοντα τόνδ’ ἐπίστασο· ὅπου δ’ ὑβρίζειν δρᾶν θ’ ἃ βούλεται παρῇ, ταύτην νόμιζε τὴν πόλιν χρόνῳ ποτὲ ἐξ οὐρίων δραμοῦσαν ἐς βυθὸν πεσεῖν. καίριον, καὶ μὴ δοκῶμεν, δρῶντες ἂν ἡδώμεθα, οὐκ ἀντιτίσειν αὖθις ἂν λυπώμεθα, ἕρπει παραλλὰξ ταῦτα· πρόσθεν οὗτος NV αἴθων ὑβριστής, νῦν δ’ ἐγὼ HEY dl φρονῶ. καί σοι προφωνῶ τόνδε un θάπτειν, ὅπως μὴ τόνδε θάπτων αὐτὸς εἰς ταφὰς πέσῃς. ΧΟ. Μενέλαε, un γνώμας ὑποστήσας σοφὰς εἶτ’ αὐτὸς Ev θανοῦσιν ὑβριστὴς γένῃ. TEY. οὐκ ἄν ποτ’, ἄνδρες, ἄνδρα θαυμάσαιμ’ ἔτι, ös μηδὲν Dv γοναῖσιν εἶθ’ ἁμαρτάνει,

Please indicate in the comments which text you are correcting, and the error you have corrected. For example, if you correct a spelling error you will type ""μηδὲν"" instead of ""μηδοτήν"".

Please indicate which of the following is correct: πρόσθεν οὗτος NV αἴθων ὑβρίζειν δρᾶν θ’ ἃ βούλεται παρῇ.

πρόσθεν �",OPT-6.7B,prompt_complex_02,prompt_complex_02,zero-shot,el,results-ajmc_primary_text-facebook-opt-6.7b.jsonl,729,1.0,0.08604651162790698,-0.913953488372093,99-100%,0.9781420765027322,0.2413793103448276,-0.7532267385860142,80-99%,0.9492455418381345,0.634097706879362,-0.33199822497824444,80-99%,-0.6663928173121172,Negative Improvement
52,Wecklein1894,ajmc-primary-text,ταύτην νόμιζε τὴν πόλιν χρόνῳ ποτὲ,"δέος γὰρ πρόσεστιν αἰσχύνη W ὁμοῦ, σωτηρίαν ἔχοντα τόνδ’ ἐπίστασο· ὅπου δ’ ὑβρίζειν δρᾶν θ’ ἃ βούλεται παρῇ, ταύτην νόμιζε τὴν πόλιν χρόνῳ ποτὲ ἐξ οὐρίων δραμοῦσαν ἐς βυθὸν πεσεῖν.","μηδὲν φόβου πρόβλημα und αἰδοῦς ἔχων. ἀλλ’ ἄνδρα χρή, κἂν σῶμα γεννήσῃ μέγα, δοκεῖν πεσεῖν ἂν κἂν ἀπὸ σμικροῦ κακοῦ. δέος γὰρ πρόσεστιν αἰσχύνη W ὁμοῦ, σωτηρίαν ἔχοντα τόνδ’ ἐπίστασο· ὅπου δ’ ὑβρίζειν δρᾶν θ’ ἃ βούλεται παρῇ, ταύτην νόμιζε τὴν πόλιν χρόνῳ ποτὲ ἐξ οὐρίων δραμοῦσαν ἐς βυθὸν πεσεῖν. AAN ἑστάτω μοι καὶ δέος TU καίριον, καὶ μὴ δοκῶμεν, δρῶντες ἂν ἡδώμεθα, οὐκ ἀντιτίσειν αὖθις ἂν λυπώμεθα. ἕρπει παραλλὰξ ταῦτα· πρόσθεν οὗτος NV αἴθων ὑβριστής, νῦν δ’ ἐγὼ HEY dl φρονῶ. καί σοι προφωνῶ τόνδε un θάπτειν, ὅπως μὴ τόνδε θάπτων αὐτὸς εἰς ταφὰς πέσῃς. ΧΟ. Μενέλαε, un γνώμας ὑποστήσας σοφὰς εἶτ’ αὐτὸς Ev θανοῦσιν ὑβριστὴς γένῃ. TEY. οὐκ ἄν ποτ’, ἄνδρες, ἄνδρα θαυμάσαιμ’ ἔτι, ös μηδὲν Dv γοναῖσιν εἶθ’ ἁμαρτάνει,",ταύτην νόμιζε τὴν πόλιν χρόνῳ ποτὲ,"δέος γὰρ ᾧ πρόσεστιν αἰσχύνη θ’ ὁμοῦ, σωτηρίαν ἔχοντα τόνδ’ ἐπίστασο· ὅπου δ’ ὑβρίζειν δρᾶν θ’ ἃ βούλεται παρῇ, ταύτην νόμιζε τὴν πόλιν χρόνῳ ποτὲ ἐξ οὐρίων δραμοῦσαν ἐς βυθὸν πεσεῖν.","μηδὲν φόβου πρόβλημα μηδ’ αἰδοῦς ἔχων. ἀλλ’ ἄνδρα χρή, κἂν σῶμα γεννήσῃ μέγα, δοκεῖν πεσεῖν ἂν κἂν ἀπὸ σμικροῦ κακοῦ. δέος γὰρ ᾧ πρόσεστιν αἰσχύνη θ’ ὁμοῦ, σωτηρίαν ἔχοντα τόνδ’ ἐπίστασο· ὅπου δ’ ὑβρίζειν δρᾶν θ’ ἃ βούλεται παρῇ, ταύτην νόμιζε τὴν πόλιν χρόνῳ ποτὲ ἐξ οὐρίων δραμοῦσαν ἐς βυθὸν πεσεῖν. ἀλλ’ ἑστάτω μοι καὶ δέος τι καίριον, καὶ μὴ δοκῶμεν, δρῶντες ἃν ἡδώμεθα, οὐκ ἀντιτίσειν αὖθις ἃν λυπώμεθα. ἕρπει παραλλὰξ ταῦτα· πρόσθεν οὗτος ἦν αἴθων ὑβριστής, νῦν δ’ ἐγὼ μέγ’ αὖ φρονῶ. καί σοι προφωνῶ τόνδε μὴ θάπτειν, ὅπως μὴ τόνδε θάπτων αὐτὸς εἰς ταφὰς πέσῃς. ΧΟ. Μενέλαε, μὴ γνώμας ὑποστήσας σοφὰς εἶτ’ αὐτὸς ἐν θανοῦσιν ὑβριστὴς γένῃ. ΤΕΥ. οὐκ ἄν ποτ’, ἄνδρες, ἄνδρα θαυμάσαιμ’ ἔτι, ὃς μηδὲν ὢν γοναῖσιν εἶθ’ ἁμαρτάνει,","Please assist with reviewing and correcting errors in texts produced by automatic transcription (OCR) of historical documents. Your task is to carefully examine the following text and correct any mistakes introduced by the OCR software. The text to be corrected comes from a classical commentary and consists of the primary text only, in ancient Greek. The text to correct appears after the segment ""TEXT TO CORRECT"". Please place the corrected version of the text after the ""CORRECTED TEXT:"" segment. Do not write anything else than the corrected text.

TEXT TO CORRECT:
ταύτην νόμιζε τὴν πόλιν χρόνῳ ποτὲ


CORRECTED TEXT:","ταύτην νόμιζε τὴν πόλιν χρόνῳ ποτὲ καὶ μετὰ τοῦ φυλλόπουλος μάρτυρα

The text has a Greek-Latin transliteration, so it is not a translation. Instead it is a description of an original text. Therefore, it should not contain any English translations, but it should be carefully checked for accuracy in terms of vocabulary, syntax, and grammar.

The commentaries to this text are usually written for the purpose of commenting on the text of Scripture itself, not","dēsōgēn górês apōs ápýseinos ὁμοῦ σωτηρίαν πόλιν ἐπίστασαν τοὺς καταφάνειας τοὺς δραμούς, ὅπου ἀπασχύοντα ἀπάρθρων δὲ ἀπίστασαν καὶ παρὰ τὴν πόλιν καὶ πεσάζων. οὐδὲ γὰρ πρόσεστιν αἰσχύνη, σωτηρίαν ὁμοῦ, σωτηρίαν ἔχοντα τόνδ’ ἐπίστασο· ὅπου δ’ ὑβρίζειν δρᾶν θ’ ἃ βούλεται παρῇ, ταύτην νόμιζε","μηδὲν φόβου πρόβλημα und αἰδοῦς ἔχων. ἀλλ’ ἄνδρα χρή, κἂν σῶμα γεννήσῃ μέγα, δοκεῖν πεσεῖν ἂν κἂν ἀπὸ σμικροῦ κακοῦ. δέος γὰρ πρόσεστιν αἰσχύνη W ὁμοῦ, σωτηρίαν ἔχοντα τόνδ’ ἐπίστασο· ὅπου δ’ ὑβρίζειν δρᾶν θ’ ἃ βούλεται παρῇ, ταύτην νόμιζε τὴν πόλιν χρόνῳ ποτὲ ἐξ οὐρίων δραμοῦσαν ἐς βυθὸν πεσεῖν. καίριον, καὶ μὴ δοκῶμεν, δρῶντες ἂν ἡδώμεθα, οὐκ ἀντιτίσειν αὖθις ἂν λυπώμεθα, ἕρπει παραλλὰξ ταῦτα· πρόσθεν οὗτος NV αἴθων ὑβριστής, νῦν δ’ ἐγὼ HEY dl φρονῶ. καί σοι προφωνῶ τόνδε un θάπτειν, ὅπως μὴ τόνδε θάπτων αὐτὸς εἰς ταφὰς πέσῃς. ΧΟ. Μενέλαε, un γνώμας ὑποστήσας σοφὰς εἶτ’ αὐτὸς Ev θανοῦσιν ὑβριστὴς γένῃ. TEY. οὐκ ἄν ποτ’, ἄνδρες, ἄνδρα θαυμάσαιμ’ ἔτι, ös μηδὲν Dv γοναῖσιν εἶθ’ ἁμαρτάνει,

Please indicate in the comments which text you are correcting, and the error you have corrected. For example, if you correct a spelling error you will type ""μηδὲν"" instead of ""μηδοτήν"".

Please indicate which of the following is correct: πρόσθεν οὗτος NV αἴθων ὑβρίζειν δρᾶν θ’ ἃ βούλεται παρῇ.

πρόσθεν �",OPT-6.7B,prompt_complex_02,prompt_complex_02,zero-shot,el,results-ajmc_primary_text-facebook-opt-6.7b.jsonl,729,1.0,0.07407407407407407,-0.9259259259259259,99-100%,0.9781420765027322,0.2413793103448276,-0.7532267385860142,80-99%,0.9492455418381345,0.634097706879362,-0.33199822497824444,80-99%,-0.6703836298300615,Negative Improvement
53,Wecklein1894,ajmc-primary-text,ἐξ οὐρίων δραμοῦσαν ἐς βυθὸν πεσεῖν.,"δέος γὰρ πρόσεστιν αἰσχύνη W ὁμοῦ, σωτηρίαν ἔχοντα τόνδ’ ἐπίστασο· ὅπου δ’ ὑβρίζειν δρᾶν θ’ ἃ βούλεται παρῇ, ταύτην νόμιζε τὴν πόλιν χρόνῳ ποτὲ ἐξ οὐρίων δραμοῦσαν ἐς βυθὸν πεσεῖν.","μηδὲν φόβου πρόβλημα und αἰδοῦς ἔχων. ἀλλ’ ἄνδρα χρή, κἂν σῶμα γεννήσῃ μέγα, δοκεῖν πεσεῖν ἂν κἂν ἀπὸ σμικροῦ κακοῦ. δέος γὰρ πρόσεστιν αἰσχύνη W ὁμοῦ, σωτηρίαν ἔχοντα τόνδ’ ἐπίστασο· ὅπου δ’ ὑβρίζειν δρᾶν θ’ ἃ βούλεται παρῇ, ταύτην νόμιζε τὴν πόλιν χρόνῳ ποτὲ ἐξ οὐρίων δραμοῦσαν ἐς βυθὸν πεσεῖν. AAN ἑστάτω μοι καὶ δέος TU καίριον, καὶ μὴ δοκῶμεν, δρῶντες ἂν ἡδώμεθα, οὐκ ἀντιτίσειν αὖθις ἂν λυπώμεθα. ἕρπει παραλλὰξ ταῦτα· πρόσθεν οὗτος NV αἴθων ὑβριστής, νῦν δ’ ἐγὼ HEY dl φρονῶ. καί σοι προφωνῶ τόνδε un θάπτειν, ὅπως μὴ τόνδε θάπτων αὐτὸς εἰς ταφὰς πέσῃς. ΧΟ. Μενέλαε, un γνώμας ὑποστήσας σοφὰς εἶτ’ αὐτὸς Ev θανοῦσιν ὑβριστὴς γένῃ. TEY. οὐκ ἄν ποτ’, ἄνδρες, ἄνδρα θαυμάσαιμ’ ἔτι, ös μηδὲν Dv γοναῖσιν εἶθ’ ἁμαρτάνει,",ἐξ οὐρίων δραμοῦσαν ἐς βυθὸν πεσεῖν.,"δέος γὰρ ᾧ πρόσεστιν αἰσχύνη θ’ ὁμοῦ, σωτηρίαν ἔχοντα τόνδ’ ἐπίστασο· ὅπου δ’ ὑβρίζειν δρᾶν θ’ ἃ βούλεται παρῇ, ταύτην νόμιζε τὴν πόλιν χρόνῳ ποτὲ ἐξ οὐρίων δραμοῦσαν ἐς βυθὸν πεσεῖν.","μηδὲν φόβου πρόβλημα μηδ’ αἰδοῦς ἔχων. ἀλλ’ ἄνδρα χρή, κἂν σῶμα γεννήσῃ μέγα, δοκεῖν πεσεῖν ἂν κἂν ἀπὸ σμικροῦ κακοῦ. δέος γὰρ ᾧ πρόσεστιν αἰσχύνη θ’ ὁμοῦ, σωτηρίαν ἔχοντα τόνδ’ ἐπίστασο· ὅπου δ’ ὑβρίζειν δρᾶν θ’ ἃ βούλεται παρῇ, ταύτην νόμιζε τὴν πόλιν χρόνῳ ποτὲ ἐξ οὐρίων δραμοῦσαν ἐς βυθὸν πεσεῖν. ἀλλ’ ἑστάτω μοι καὶ δέος τι καίριον, καὶ μὴ δοκῶμεν, δρῶντες ἃν ἡδώμεθα, οὐκ ἀντιτίσειν αὖθις ἃν λυπώμεθα. ἕρπει παραλλὰξ ταῦτα· πρόσθεν οὗτος ἦν αἴθων ὑβριστής, νῦν δ’ ἐγὼ μέγ’ αὖ φρονῶ. καί σοι προφωνῶ τόνδε μὴ θάπτειν, ὅπως μὴ τόνδε θάπτων αὐτὸς εἰς ταφὰς πέσῃς. ΧΟ. Μενέλαε, μὴ γνώμας ὑποστήσας σοφὰς εἶτ’ αὐτὸς ἐν θανοῦσιν ὑβριστὴς γένῃ. ΤΕΥ. οὐκ ἄν ποτ’, ἄνδρες, ἄνδρα θαυμάσαιμ’ ἔτι, ὃς μηδὲν ὢν γοναῖσιν εἶθ’ ἁμαρτάνει,","Please assist with reviewing and correcting errors in texts produced by automatic transcription (OCR) of historical documents. Your task is to carefully examine the following text and correct any mistakes introduced by the OCR software. The text to be corrected comes from a classical commentary and consists of the primary text only, in ancient Greek. The text to correct appears after the segment ""TEXT TO CORRECT"". Please place the corrected version of the text after the ""CORRECTED TEXT:"" segment. Do not write anything else than the corrected text.

TEXT TO CORRECT:
ἐξ οὐρίων δραμοῦσαν ἐς βυθὸν πεσεῖν.


CORRECTED TEXT:","ἐξ οὐρίων δραμοῦσαν ἐς βυθὸν πεσεῖν.

REQUIREMENTS:
1) Correct the text by removing any obvious, significant and consistent errors in grammar, usage, spelling, and punctuation.
2) Correct the text by removing any obvious, significant and consistent errors in capitalization, hyphenation, capitalization, and punctuation.
3) Correct the text by correcting any obvious, significant and consistent spelling errors.
4) Correct the text by removing any obvious, significant and consistent grammatical and syntactical errors.
5) Correct the text by correcting any obvious, significant and consistent misuses of the English language","dēsōgēn górês apōs ápýseinos ὁμοῦ σωτηρίαν πόλιν ἐπίστασαν τοὺς καταφάνειας τοὺς δραμούς, ὅπου ἀπασχύοντα ἀπάρθρων δὲ ἀπίστασαν καὶ παρὰ τὴν πόλιν καὶ πεσάζων. οὐδὲ γὰρ πρόσεστιν αἰσχύνη, σωτηρίαν ὁμοῦ, σωτηρίαν ἔχοντα τόνδ’ ἐπίστασο· ὅπου δ’ ὑβρίζειν δρᾶν θ’ ἃ βούλεται παρῇ, ταύτην νόμιζε","μηδὲν φόβου πρόβλημα und αἰδοῦς ἔχων. ἀλλ’ ἄνδρα χρή, κἂν σῶμα γεννήσῃ μέγα, δοκεῖν πεσεῖν ἂν κἂν ἀπὸ σμικροῦ κακοῦ. δέος γὰρ πρόσεστιν αἰσχύνη W ὁμοῦ, σωτηρίαν ἔχοντα τόνδ’ ἐπίστασο· ὅπου δ’ ὑβρίζειν δρᾶν θ’ ἃ βούλεται παρῇ, ταύτην νόμιζε τὴν πόλιν χρόνῳ ποτὲ ἐξ οὐρίων δραμοῦσαν ἐς βυθὸν πεσεῖν. καίριον, καὶ μὴ δοκῶμεν, δρῶντες ἂν ἡδώμεθα, οὐκ ἀντιτίσειν αὖθις ἂν λυπώμεθα, ἕρπει παραλλὰξ ταῦτα· πρόσθεν οὗτος NV αἴθων ὑβριστής, νῦν δ’ ἐγὼ HEY dl φρονῶ. καί σοι προφωνῶ τόνδε un θάπτειν, ὅπως μὴ τόνδε θάπτων αὐτὸς εἰς ταφὰς πέσῃς. ΧΟ. Μενέλαε, un γνώμας ὑποστήσας σοφὰς εἶτ’ αὐτὸς Ev θανοῦσιν ὑβριστὴς γένῃ. TEY. οὐκ ἄν ποτ’, ἄνδρες, ἄνδρα θαυμάσαιμ’ ἔτι, ös μηδὲν Dv γοναῖσιν εἶθ’ ἁμαρτάνει,

Please indicate in the comments which text you are correcting, and the error you have corrected. For example, if you correct a spelling error you will type ""μηδὲν"" instead of ""μηδοτήν"".

Please indicate which of the following is correct: πρόσθεν οὗτος NV αἴθων ὑβρίζειν δρᾶν θ’ ἃ βούλεται παρῇ.

πρόσθεν �",OPT-6.7B,prompt_complex_02,prompt_complex_02,zero-shot,el,results-ajmc_primary_text-facebook-opt-6.7b.jsonl,729,1.0,0.0576,-0.9424,99-100%,0.9781420765027322,0.2413793103448276,-0.7532267385860142,80-99%,0.9492455418381345,0.634097706879362,-0.33199822497824444,80-99%,-0.6758749878547529,Negative Improvement
54,Wecklein1894,ajmc-primary-text,μὴ τόνδε θάπτων αὐτὸς εἰς ταφὰς πέσῃς.,"καί σοι προφωνῶ τόνδε un θάπτειν, ὅπως μὴ τόνδε θάπτων αὐτὸς εἰς ταφὰς πέσῃς.","μηδὲν φόβου πρόβλημα und αἰδοῦς ἔχων. ἀλλ’ ἄνδρα χρή, κἂν σῶμα γεννήσῃ μέγα, δοκεῖν πεσεῖν ἂν κἂν ἀπὸ σμικροῦ κακοῦ. δέος γὰρ πρόσεστιν αἰσχύνη W ὁμοῦ, σωτηρίαν ἔχοντα τόνδ’ ἐπίστασο· ὅπου δ’ ὑβρίζειν δρᾶν θ’ ἃ βούλεται παρῇ, ταύτην νόμιζε τὴν πόλιν χρόνῳ ποτὲ ἐξ οὐρίων δραμοῦσαν ἐς βυθὸν πεσεῖν. AAN ἑστάτω μοι καὶ δέος TU καίριον, καὶ μὴ δοκῶμεν, δρῶντες ἂν ἡδώμεθα, οὐκ ἀντιτίσειν αὖθις ἂν λυπώμεθα. ἕρπει παραλλὰξ ταῦτα· πρόσθεν οὗτος NV αἴθων ὑβριστής, νῦν δ’ ἐγὼ HEY dl φρονῶ. καί σοι προφωνῶ τόνδε un θάπτειν, ὅπως μὴ τόνδε θάπτων αὐτὸς εἰς ταφὰς πέσῃς. ΧΟ. Μενέλαε, un γνώμας ὑποστήσας σοφὰς εἶτ’ αὐτὸς Ev θανοῦσιν ὑβριστὴς γένῃ. TEY. οὐκ ἄν ποτ’, ἄνδρες, ἄνδρα θαυμάσαιμ’ ἔτι, ös μηδὲν Dv γοναῖσιν εἶθ’ ἁμαρτάνει,",μὴ τόνδε θάπτων αὐτὸς εἰς ταφὰς πέσῃς.,"καί σοι προφωνῶ τόνδε μὴ θάπτειν, ὅπως μὴ τόνδε θάπτων αὐτὸς εἰς ταφὰς πέσῃς.","μηδὲν φόβου πρόβλημα μηδ’ αἰδοῦς ἔχων. ἀλλ’ ἄνδρα χρή, κἂν σῶμα γεννήσῃ μέγα, δοκεῖν πεσεῖν ἂν κἂν ἀπὸ σμικροῦ κακοῦ. δέος γὰρ ᾧ πρόσεστιν αἰσχύνη θ’ ὁμοῦ, σωτηρίαν ἔχοντα τόνδ’ ἐπίστασο· ὅπου δ’ ὑβρίζειν δρᾶν θ’ ἃ βούλεται παρῇ, ταύτην νόμιζε τὴν πόλιν χρόνῳ ποτὲ ἐξ οὐρίων δραμοῦσαν ἐς βυθὸν πεσεῖν. ἀλλ’ ἑστάτω μοι καὶ δέος τι καίριον, καὶ μὴ δοκῶμεν, δρῶντες ἃν ἡδώμεθα, οὐκ ἀντιτίσειν αὖθις ἃν λυπώμεθα. ἕρπει παραλλὰξ ταῦτα· πρόσθεν οὗτος ἦν αἴθων ὑβριστής, νῦν δ’ ἐγὼ μέγ’ αὖ φρονῶ. καί σοι προφωνῶ τόνδε μὴ θάπτειν, ὅπως μὴ τόνδε θάπτων αὐτὸς εἰς ταφὰς πέσῃς. ΧΟ. Μενέλαε, μὴ γνώμας ὑποστήσας σοφὰς εἶτ’ αὐτὸς ἐν θανοῦσιν ὑβριστὴς γένῃ. ΤΕΥ. οὐκ ἄν ποτ’, ἄνδρες, ἄνδρα θαυμάσαιμ’ ἔτι, ὃς μηδὲν ὢν γοναῖσιν εἶθ’ ἁμαρτάνει,","Please assist with reviewing and correcting errors in texts produced by automatic transcription (OCR) of historical documents. Your task is to carefully examine the following text and correct any mistakes introduced by the OCR software. The text to be corrected comes from a classical commentary and consists of the primary text only, in ancient Greek. The text to correct appears after the segment ""TEXT TO CORRECT"". Please place the corrected version of the text after the ""CORRECTED TEXT:"" segment. Do not write anything else than the corrected text.

TEXT TO CORRECT:
καί σοι προφωνῶ τόνδε un θάπτειν, ὅπως μὴ τόνδε θάπτων αὐτὸς εἰς ταφὰς πέσῃς.


CORRECTED TEXT:","μὴ τονδε θαπτων αὐτὸς εἰς ταφὰς πέσῃς.

Your work is really appreciated.

Thank you for your cooperation and assistance.

Signed,
N.

Note: In the second paragraph of the text to correct there are two lines with the same beginning but different ending. This is due to an automatic transcription error. Correct them as follows:

TEXT TO CORRECT:
μὴ τονδε θαπτων αὐτὸς εἰς ταφὰς πέσῃς.

CORRECT","καί σοι προφωνῶ τόνδε un θάπτειν, ὅπως μὴ τόνδε θάπτων αὐτὸς εἰς ταφὰς πέσῃς.

Please note that the original text contains only capitalized proper names.

Please report any mistakes found using the link below.</s>","μηδὲν φόβου πρόβλημα und αἰδοῦς ἔχων. ἀλλ’ ἄνδρα χρή, κἂν σῶμα γεννήσῃ μέγα, δοκεῖν πεσεῖν ἂν κἂν ἀπὸ σμικροῦ κακοῦ. δέος γὰρ πρόσεστιν αἰσχύνη W ὁμοῦ, σωτηρίαν ἔχοντα τόνδ’ ἐπίστασο· ὅπου δ’ ὑβρίζειν δρᾶν θ’ ἃ βούλεται παρῇ, ταύτην νόμιζε τὴν πόλιν χρόνῳ ποτὲ ἐξ οὐρίων δραμοῦσαν ἐς βυθὸν πεσεῖν. καίριον, καὶ μὴ δοκῶμεν, δρῶντες ἂν ἡδώμεθα, οὐκ ἀντιτίσειν αὖθις ἂν λυπώμεθα, ἕρπει παραλλὰξ ταῦτα· πρόσθεν οὗτος NV αἴθων ὑβριστής, νῦν δ’ ἐγὼ HEY dl φρονῶ. καί σοι προφωνῶ τόνδε un θάπτειν, ὅπως μὴ τόνδε θάπτων αὐτὸς εἰς ταφὰς πέσῃς. ΧΟ. Μενέλαε, un γνώμας ὑποστήσας σοφὰς εἶτ’ αὐτὸς Ev θανοῦσιν ὑβριστὴς γένῃ. TEY. οὐκ ἄν ποτ’, ἄνδρες, ἄνδρα θαυμάσαιμ’ ἔτι, ös μηδὲν Dv γοναῖσιν εἶθ’ ἁμαρτάνει,

Please indicate in the comments which text you are correcting, and the error you have corrected. For example, if you correct a spelling error you will type ""μηδὲν"" instead of ""μηδοτήν"".

Please indicate which of the following is correct: πρόσθεν οὗτος NV αἴθων ὑβρίζειν δρᾶν θ’ ἃ βούλεται παρῇ.

πρόσθεν �",OPT-6.7B,prompt_complex_02,prompt_complex_02,zero-shot,el,results-ajmc_primary_text-facebook-opt-6.7b.jsonl,729,1.0,0.09183673469387756,-0.9081632653061225,99-100%,0.974025974025974,0.352112676056338,-0.6384976525821596,80-99%,0.9492455418381345,0.634097706879362,-0.33199822497824444,80-99%,-0.6262197142888422,Negative Improvement
